 60 303 
 577 1830 
 185 66 
 29 1524 
 254 740 
 289 929 
 497 1046 
 531 703 
 436 1670 
 22 1524 
 697 734 
 722 1629 
 30 244 
 538 830 
 101 484 
 210 1678 
 291 740 
 166 1807 
 497 116 
 224 320 
 595 1534 
 163 730 
 121 238 
 533 830 
 300 739 
 300 733 
 577 1060 
 479 742 
 423 639 
 429 955 
 185 303 
 722 1365 
 687 1046 
 144 459 
 260 1522 
 321 238 
 313 116 
 311 736 
 401 305 
 210 946 
 273 231 
 639 733 
 555 1550 
 695 385 
 131 232 
 546 1522 
 142 185 
 529 740 
 158 39 
 722 1555 
 291 737 
 210 446 
 109 1573 
 146 303 
 386 1355 
 238 734 
 436 1667 
 577 103 
 270 363 
 401 122 
 577 1891 
 577 1570 
 722 912 
 303 804 
 440 1868 
 566 122 
 129 219 
 240 1186 
 210 1254 
 590 1668 
 463 1868 
 129 839 
 210 356 
 76 740 
 61 733 
 159 231 
 577 446 
 577 69 
 654 363 
 152 238 
 24 118 
 502 1524 
 722 1866 
 90 1212 
 163 929 
 643 744 
 265 492 
 497 1043 
 579 220 
 284 449 
 329 1360 
 99 220 
 159 733 
 285 804 
 678 733 
 332 1667 
 374 1238 
 290 1670 
 277 301 
 210 343 
 684 718 
 63 1879 
 354 301 
 33 925 
 497 1604 
 275 301 
 650 4 
 414 739 
 684 302 
 497 740 
 571 1673 
 60 118 
 722 341 
 615 1348 
 531 1044 
 238 242 
 720 316 
 38 238 
 113 740 
 416 1361 
 390 1532 
 550 244 
 352 504 
 93 686 
 578 830 
 163 284 
 578 1172 
 691 685 
 232 219 
 22 1523 
 63 115 
 482 1807 
 99 739 
 370 1010 
 226 466 
 511 122 
 490 703 
 350 303 
 524 895 
 556 637 
 726 1665 
 405 693 
 254 1523 
 229 1473 
 577 345 
 722 480 
 199 1360 
 715 250 
 109 1523 
 477 59 
 253 830 
 488 718 
 163 1914 
 411 735 
 210 1060 
 691 851 
 234 1669 
 515 738 
 244 738 
 168 1243 
 64 744 
 543 738 
 577 346 
 547 503 
 238 739 
 60 718 
 577 1554 
 722 70 
 722 1859 
 159 738 
 64 1522 
 214 733 
 185 1183 
 694 718 
 339 925 
 577 351 
 181 115 
 384 572 
 60 736 
 247 1311 
 702 220 
 178 496 
 405 280 
 562 303 
 198 744 
 129 1674 
 429 677 
 67 1029 
 691 442 
 328 1524 
 696 740 
 185 496 
 468 250 
 335 302 
 515 1522 
 690 298 
 133 219 
 691 1553 
 226 751 
 271 733 
 244 303 
 708 1667 
 158 718 
 429 719 
 722 434 
 504 895 
 138 850 
 72 1620 
 730 39 
 362 898 
 668 231 
 133 220 
 80 830 
 650 1701 
 168 738 
 529 1522 
 720 317 
 74 830 
 353 225 
 517 130 
 139 225 
 722 18 
 531 1243 
 666 1523 
 577 1279 
 730 718 
 163 354 
 289 751 
 543 862 
 138 761 
 153 639 
 64 242 
 353 744 
 418 306 
 178 203 
 133 244 
 207 1450 
 238 1405 
 658 303 
 43 734 
 722 1362 
 457 830 
 153 1153 
 731 303 
 136 167 
 639 740 
 667 303 
 533 739 
 528 804 
 23 125 
 210 1305 
 678 744 
 90 1399 
 64 862 
 244 39 
 691 419 
 488 116 
 570 738 
 143 500 
 531 225 
 546 115 
 531 738 
 70 1673 
 577 323 
 466 122 
 564 488 
 131 693 
 537 1669 
 682 1522 
 396 830 
 609 751 
 76 39 
 702 184 
 292 225 
 711 730 
 722 55 
 210 99 
 419 739 
 254 1043 
 275 898 
 691 21 
 566 1154 
 579 225 
 533 225 
 122 740 
 639 744 
 80 1524 
 691 1391 
 131 212 
 639 304 
 64 1046 
 577 349 
 678 225 
 684 738 
 296 302 
 667 238 
 268 66 
 485 286 
 181 116 
 316 895 
 328 1573 
 145 743 
 145 738 
 577 342 
 440 1361 
 722 1745 
 567 738 
 210 482 
 579 718 
 581 130 
 493 1046 
 133 301 
 577 1107 
 641 302 
 691 1172 
 691 1362 
 334 1399 
 477 702 
 546 830 
 210 1706 
 577 1592 
 674 305 
 178 244 
 214 740 
 493 301 
 254 115 
 615 76 
 254 744 
 238 735 
 720 1782 
 276 734 
 497 739 
 691 1126 
 400 303 
 579 301 
 695 386 
 648 1115 
 63 739 
 578 356 
 308 1522 
 423 1534 
 273 822 
 266 830 
 145 122 
 353 738 
 671 242 
 311 231 
 393 144 
 496 581 
 273 1154 
 152 302 
 637 1102 
 678 739 
 234 1670 
 494 1112 
 664 1817 
 149 304 
 543 219 
 392 39 
 350 301 
 147 118 
 166 1230 
 17 895 
 249 244 
 126 122 
 450 792 
 101 1360 
 671 118 
 367 639 
 691 449 
 273 830 
 464 1674 
 342 115 
 158 830 
 505 929 
 270 1524 
 463 1361 
 238 219 
 145 220 
 497 1044 
 631 116 
 475 1861 
 493 303 
 613 1524 
 482 1662 
 301 116 
 540 1415 
 695 1212 
 61 301 
 543 231 
 490 862 
 132 115 
 533 220 
 181 718 
 335 549 
 178 1043 
 244 302 
 708 1668 
 158 303 
 500 370 
 726 29 
 658 238 
 577 427 
 64 1914 
 722 216 
 731 116 
 229 744 
 359 804 
 17 1654 
 722 854 
 191 244 
 527 118 
 181 736 
 377 1532 
 668 733 
 145 733 
 566 734 
 145 744 
 566 301 
 495 115 
 577 1528 
 36 830 
 497 301 
 30 250 
 165 1046 
 472 115 
 193 1509 
 702 231 
 551 268 
 144 500 
 550 1524 
 722 1535 
 458 894 
 577 914 
 164 301 
 547 501 
 39 581 
 511 830 
 396 1046 
 105 244 
 497 304 
 495 1523 
 377 218 
 566 1524 
 459 386 
 61 220 
 42 830 
 678 304 
 227 238 
 364 744 
 411 734 
 433 1679 
 691 1365 
 155 738 
 495 740 
 513 1668 
 19 1524 
 254 738 
 449 1852 
 291 734 
 76 1523 
 131 209 
 695 1209 
 722 1426 
 35 185 
 423 1522 
 278 1584 
 61 302 
 226 285 
 99 1417 
 722 269 
 168 225 
 684 242 
 400 744 
 289 719 
 163 115 
 122 231 
 570 238 
 579 231 
 369 1121 
 277 118 
 250 709 
 613 225 
 60 740 
 139 219 
 229 719 
 527 738 
 85 1043 
 400 740 
 678 301 
 690 1223 
 143 502 
 695 388 
 23 130 
 691 1598 
 495 225 
 273 400 
 210 1606 
 109 1576 
 532 639 
 718 370 
 61 740 
 210 1417 
 291 738 
 387 1524 
 722 1417 
 236 785 
 691 226 
 691 1430 
 194 1280 
 214 739 
 414 738 
 158 744 
 301 122 
 76 225 
 678 118 
 122 738 
 311 238 
 473 122 
 566 740 
 688 304 
 283 1532 
 529 244 
 687 1044 
 289 730 
 210 1767 
 271 304 
 579 1405 
 291 244 
 722 1032 
 61 735 
 227 738 
 236 693 
 722 1033 
 254 839 
 531 302 
 20 160 
 550 39 
 64 301 
 663 298 
 367 588 
 367 1582 
 324 1670 
 684 1589 
 529 39 
 531 739 
 722 351 
 134 830 
 66 1511 
 643 718 
 364 116 
 502 1046 
 223 1007 
 696 225 
 381 1350 
 186 1524 
 13 488 
 697 238 
 413 1044 
 459 740 
 158 740 
 578 1162 
 533 735 
 475 39 
 504 1209 
 493 646 
 379 1669 
 546 1291 
 300 735 
 724 115 
 227 718 
 540 278 
 502 830 
 169 1534 
 393 1353 
 185 703 
 85 1046 
 502 932 
 120 639 
 100 1044 
 311 737 
 411 733 
 76 1522 
 722 1851 
 145 830 
 472 1522 
 472 118 
 566 115 
 169 740 
 26 1339 
 323 1738 
 488 1154 
 685 1668 
 254 39 
 414 244 
 577 877 
 181 733 
 163 751 
 631 830 
 529 301 
 371 1668 
 321 804 
 174 1155 
 90 1450 
 658 244 
 288 718 
 723 851 
 80 733 
 100 1043 
 155 122 
 663 1223 
 193 1817 
 99 231 
 288 238 
 577 1491 
 127 1010 
 300 219 
 166 739 
 229 734 
 227 1524 
 515 220 
 657 1814 
 582 1870 
 207 1399 
 570 39 
 667 718 
 497 39 
 643 740 
 678 740 
 17 1599 
 494 1109 
 64 580 
 214 122 
 455 1868 
 208 1669 
 26 1340 
 679 830 
 185 1522 
 168 830 
 577 1035 
 652 1210 
 440 386 
 567 305 
 468 693 
 671 303 
 488 744 
 497 354 
 158 115 
 655 266 
 244 740 
 714 738 
 253 1154 
 260 220 
 232 238 
 332 59 
 146 738 
 416 1360 
 350 1046 
 562 302 
 398 1534 
 456 116 
 577 431 
 214 118 
 84 804 
 210 817 
 145 225 
 353 718 
 196 115 
 691 1901 
 713 118 
 684 744 
 26 228 
 311 738 
 577 854 
 149 735 
 697 736 
 217 925 
 353 116 
 159 739 
 566 303 
 577 1638 
 138 804 
 210 1793 
 488 302 
 229 244 
 185 1523 
 578 323 
 691 854 
 229 39 
 570 225 
 722 1303 
 533 231 
 533 305 
 515 225 
 710 156 
 726 447 
 577 1678 
 490 115 
 64 116 
 186 1360 
 577 1700 
 579 830 
 342 122 
 401 744 
 240 894 
 72 830 
 370 250 
 453 306 
 300 740 
 178 76 
 264 285 
 131 677 
 364 225 
 569 602 
 210 161 
 335 184 
 210 1901 
 210 447 
 76 238 
 101 804 
 657 1043 
 691 482 
 691 428 
 722 865 
 691 108 
 273 1673 
 353 740 
 543 733 
 354 639 
 495 738 
 353 580 
 126 116 
 271 231 
 53 1522 
 341 122 
 138 1429 
 504 1668 
 579 736 
 658 231 
 429 305 
 495 122 
 513 1670 
 327 1523 
 653 1630 
 222 1360 
 577 1126 
 533 303 
 169 118 
 185 301 
 166 862 
 64 1252 
 431 1360 
 502 1029 
 152 830 
 214 830 
 69 739 
 210 1641 
 250 830 
 687 1043 
 158 231 
 20 484 
 288 739 
 193 498 
 691 887 
 42 738 
 412 735 
 196 244 
 404 242 
 502 116 
 672 1807 
 121 302 
 38 39 
 577 1636 
 210 1570 
 613 804 
 511 733 
 531 830 
 474 1446 
 173 1360 
 484 572 
 577 876 
 722 1858 
 364 703 
 122 238 
 401 1522 
 181 739 
 529 1473 
 95 1668 
 99 114 
 667 744 
 227 303 
 329 1361 
 99 1522 
 16 925 
 80 744 
 543 693 
 643 225 
 566 116 
 722 1706 
 731 738 
 457 1473 
 722 1257 
 288 738 
 125 1354 
 311 115 
 63 76 
 504 1665 
 488 220 
 97 1046 
 271 220 
 684 1523 
 493 250 
 183 1534 
 210 851 
 99 225 
 691 801 
 131 1736 
 254 304 
 722 1273 
 638 1311 
 327 441 
 429 184 
 210 548 
 20 380 
 418 581 
 210 341 
 163 1605 
 722 817 
 63 238 
 646 894 
 502 301 
 577 448 
 608 1212 
 400 225 
 488 738 
 145 741 
 670 1267 
 169 1243 
 247 830 
 152 718 
 60 734 
 691 102 
 41 1243 
 210 1124 
 691 1004 
 210 69 
 533 302 
 495 116 
 469 739 
 401 739 
 210 1548 
 579 242 
 210 1293 
 63 302 
 401 489 
 101 443 
 488 693 
 502 1043 
 300 305 
 83 1529 
 527 116 
 37 1243 
 713 116 
 609 804 
 152 231 
 488 1044 
 658 225 
 303 639 
 165 1044 
 43 737 
 238 303 
 282 370 
 186 203 
 99 718 
 684 736 
 63 1043 
 631 1473 
 354 1807 
 35 1779 
 301 830 
 613 1046 
 142 1807 
 181 1524 
 320 1524 
 145 238 
 350 1186 
 536 242 
 578 355 
 691 434 
 722 1302 
 152 115 
 401 302 
 125 1353 
 546 1620 
 113 744 
 214 580 
 436 1669 
 495 1524 
 138 39 
 454 693 
 639 303 
 356 1524 
 113 302 
 650 1740 
 385 1534 
 577 564 
 403 1668 
 301 1522 
 103 830 
 533 740 
 691 1568 
 48 1807 
 367 926 
 543 220 
 337 122 
 275 231 
 423 361 
 485 1522 
 37 285 
 95 1667 
 495 231 
 99 302 
 493 1523 
 210 1858 
 579 739 
 657 1524 
 321 925 
 688 302 
 701 804 
 517 1523 
 577 1396 
 238 301 
 68 289 
 546 323 
 289 361 
 691 70 
 502 250 
 220 203 
 449 1914 
 711 713 
 691 1491 
 353 733 
 277 115 
 356 303 
 497 413 
 39 1399 
 244 830 
 68 380 
 691 923 
 19 39 
 164 739 
 454 1879 
 458 895 
 121 898 
 435 734 
 657 839 
 164 304 
 159 225 
 364 302 
 164 830 
 178 605 
 99 116 
 185 238 
 350 380 
 129 238 
 497 231 
 206 242 
 76 303 
 204 39 
 99 1405 
 577 209 
 577 1581 
 64 182 
 613 118 
 546 862 
 158 301 
 529 744 
 76 718 
 73 182 
 566 304 
 577 1568 
 163 1568 
 311 304 
 696 718 
 329 1343 
 501 1550 
 497 122 
 685 1669 
 178 238 
 667 735 
 643 1807 
 152 39 
 543 303 
 99 740 
 493 266 
 113 739 
 617 677 
 536 244 
 72 1532 
 121 244 
 356 739 
 564 323 
 577 1597 
 387 1523 
 254 1154 
 316 733 
 566 830 
 169 303 
 420 114 
 722 1881 
 468 244 
 169 738 
 546 354 
 337 303 
 622 501 
 356 718 
 210 816 
 667 39 
 64 740 
 145 305 
 564 867 
 136 1677 
 23 126 
 108 1677 
 21 1010 
 246 622 
 570 1522 
 48 1523 
 227 1522 
 70 1674 
 290 609 
 211 1361 
 657 739 
 657 231 
 472 231 
 122 1522 
 679 35 
 42 39 
 37 1360 
 185 739 
 691 1634 
 210 212 
 210 1572 
 429 1523 
 577 1598 
 152 549 
 349 1075 
 658 735 
 387 220 
 631 118 
 488 1043 
 145 734 
 131 211 
 333 184 
 68 1840 
 303 361 
 570 1523 
 493 795 
 253 301 
 210 612 
 299 1360 
 577 1763 
 313 118 
 724 298 
 684 225 
 311 39 
 278 1583 
 214 302 
 353 238 
 472 301 
 688 744 
 577 1706 
 64 639 
 254 116 
 650 1803 
 99 1469 
 354 1153 
 360 1397 
 566 733 
 311 734 
 306 220 
 99 738 
 678 220 
 691 1638 
 429 301 
 373 244 
 479 741 
 485 1523 
 691 426 
 546 218 
 152 739 
 613 738 
 279 925 
 684 734 
 345 1044 
 78 738 
 722 1665 
 400 304 
 722 308 
 579 740 
 64 1583 
 722 574 
 699 1522 
 546 1167 
 605 895 
 401 231 
 578 1852 
 284 326 
 156 502 
 727 1519 
 210 1821 
 570 231 
 454 751 
 396 1043 
 496 1654 
 482 1693 
 468 255 
 400 116 
 316 441 
 566 305 
 511 740 
 265 851 
 234 1522 
 248 1044 
 122 220 
 364 718 
 609 785 
 446 115 
 129 220 
 291 739 
 185 677 
 77 589 
 210 442 
 138 639 
 163 580 
 227 830 
 268 1046 
 327 895 
 165 830 
 227 1523 
 364 238 
 60 115 
 537 1670 
 722 1884 
 473 115 
 22 733 
 301 1583 
 52 1368 
 208 1668 
 488 740 
 254 303 
 254 1524 
 650 1125 
 667 305 
 146 302 
 612 718 
 275 719 
 348 1667 
 468 242 
 204 637 
 312 1010 
 445 738 
 41 1534 
 691 901 
 577 1553 
 631 115 
 69 303 
 543 302 
 658 1045 
 678 735 
 484 1354 
 667 116 
 145 116 
 356 244 
 76 301 
 350 730 
 455 1871 
 658 304 
 63 703 
 185 740 
 691 1852 
 152 1524 
 577 447 
 214 116 
 484 1351 
 691 1570 
 364 303 
 473 718 
 352 500 
 691 1793 
 337 116 
 149 238 
 412 734 
 698 184 
 484 1530 
 490 225 
 488 1046 
 63 361 
 233 718 
 566 735 
 64 1524 
 691 1790 
 210 208 
 260 225 
 510 1868 
 639 220 
 722 1852 
 429 302 
 474 1447 
 149 302 
 577 487 
 697 225 
 643 122 
 145 740 
 577 1750 
 248 1043 
 447 1667 
 121 677 
 103 1043 
 161 285 
 689 1519 
 177 581 
 64 118 
 497 118 
 401 118 
 35 602 
 701 639 
 127 1469 
 254 1044 
 137 804 
 63 1046 
 159 303 
 181 1029 
 482 167 
 164 225 
 80 740 
 578 354 
 63 1522 
 168 220 
 529 739 
 185 925 
 300 301 
 546 602 
 350 804 
 236 1776 
 426 1397 
 497 303 
 497 1523 
 591 1871 
 224 318 
 497 1605 
 569 59 
 673 1115 
 731 740 
 614 242 
 577 888 
 458 231 
 350 306 
 343 793 
 495 830 
 722 1034 
 613 238 
 122 303 
 697 735 
 493 242 
 76 231 
 288 231 
 581 128 
 289 804 
 350 123 
 299 1868 
 472 225 
 579 1589 
 60 225 
 271 303 
 717 238 
 577 1391 
 244 742 
 691 1866 
 149 303 
 691 888 
 288 220 
 497 225 
 427 250 
 271 301 
 527 739 
 221 925 
 61 238 
 469 956 
 236 786 
 398 1532 
 670 1268 
 268 1043 
 335 305 
 311 219 
 238 738 
 420 830 
 185 363 
 684 115 
 722 1638 
 185 302 
 468 898 
 691 447 
 65 1668 
 710 1635 
 458 225 
 134 1668 
 263 751 
 181 735 
 229 739 
 116 1018 
 579 303 
 17 894 
 400 301 
 579 116 
 493 1522 
 72 804 
 300 830 
 379 1668 
 64 1673 
 571 677 
 511 301 
 577 1665 
 684 735 
 520 225 
 472 238 
 579 734 
 299 1361 
 472 738 
 350 1736 
 722 816 
 159 302 
 475 830 
 657 740 
 657 302 
 26 75 
 300 302 
 330 1361 
 691 1572 
 546 898 
 289 1454 
 577 1270 
 515 718 
 583 1361 
 578 1305 
 488 830 
 577 1303 
 726 492 
 578 1126 
 666 1522 
 495 1522 
 549 1046 
 688 735 
 260 219 
 210 1786 
 527 740 
 688 739 
 529 1523 
 356 1593 
 517 1524 
 64 225 
 37 804 
 17 703 
 615 605 
 577 208 
 335 225 
 220 160 
 85 1044 
 210 854 
 537 1668 
 210 867 
 244 301 
 714 244 
 562 742 
 138 1533 
 566 302 
 722 1855 
 232 733 
 528 751 
 361 1043 
 387 741 
 71 1670 
 356 1044 
 63 363 
 289 898 
 591 1173 
 577 354 
 271 302 
 577 426 
 249 242 
 494 830 
 420 718 
 486 702 
 342 118 
 138 144 
 138 1153 
 472 303 
 311 301 
 300 303 
 722 28 
 566 225 
 562 741 
 678 1405 
 562 740 
 126 118 
 702 219 
 43 735 
 229 735 
 344 1360 
 35 1113 
 334 1400 
 64 738 
 158 1524 
 329 280 
 232 225 
 387 734 
 570 301 
 291 115 
 691 1554 
 222 1361 
 577 1594 
 729 320 
 78 1523 
 80 1523 
 418 602 
 484 1353 
 454 1619 
 330 1868 
 67 242 
 223 78 
 673 1114 
 543 244 
 63 738 
 226 460 
 131 816 
 61 303 
 360 925 
 260 238 
 291 302 
 490 122 
 459 1212 
 570 303 
 61 231 
 61 225 
 570 744 
 291 301 
 271 830 
 291 733 
 90 1448 
 533 738 
 273 225 
 464 830 
 488 303 
 136 1807 
 501 581 
 134 302 
 578 1307 
 387 1522 
 496 738 
 668 238 
 323 1778 
 393 850 
 350 744 
 684 301 
 316 740 
 321 1534 
 42 740 
 282 249 
 60 738 
 316 1522 
 468 677 
 722 1724 
 42 1522 
 360 830 
 613 1522 
 113 231 
 196 118 
 159 735 
 78 115 
 429 693 
 496 839 
 213 744 
 254 739 
 475 1522 
 323 804 
 276 741 
 311 225 
 556 1673 
 511 738 
 312 693 
 364 220 
 316 894 
 136 926 
 159 238 
 469 955 
 132 118 
 533 733 
 657 1672 
 640 1405 
 244 238 
 691 492 
 727 1520 
 163 804 
 577 608 
 566 220 
 546 496 
 147 128 
 408 1361 
 210 1193 
 54 1112 
 300 734 
 502 231 
 147 116 
 658 738 
 691 876 
 121 693 
 16 531 
 617 693 
 186 1522 
 497 1522 
 350 677 
 238 238 
 511 118 
 488 581 
 291 867 
 20 483 
 496 693 
 722 359 
 697 220 
 437 244 
 185 231 
 279 751 
 29 1522 
 389 895 
 454 218 
 657 303 
 64 1523 
 533 744 
 343 182 
 354 804 
 168 231 
 578 1665 
 260 231 
 650 1902 
 577 816 
 196 1473 
 722 1721 
 210 448 
 543 734 
 201 302 
 356 1046 
 220 1292 
 566 242 
 169 302 
 254 225 
 369 81 
 364 489 
 419 830 
 164 302 
 722 774 
 80 115 
 511 744 
 653 609 
 178 225 
 511 231 
 429 303 
 17 1909 
 227 39 
 591 1280 
 143 503 
 668 225 
 65 1670 
 566 743 
 238 305 
 371 1667 
 490 683 
 650 686 
 547 505 
 657 122 
 210 1763 
 110 219 
 414 735 
 214 1417 
 134 1670 
 723 1396 
 113 380 
 76 744 
 185 1046 
 571 830 
 168 932 
 440 785 
 76 122 
 210 685 
 414 567 
 485 1870 
 405 386 
 502 39 
 667 740 
 236 1868 
 577 226 
 726 1417 
 178 115 
 510 1527 
 289 1154 
 101 59 
 178 250 
 122 741 
 691 69 
 64 302 
 566 219 
 673 1113 
 159 1405 
 60 301 
 412 740 
 396 1045 
 490 1311 
 547 504 
 657 693 
 569 1630 
 657 1044 
 440 1360 
 731 733 
 360 114 
 238 225 
 566 739 
 381 500 
 53 1523 
 472 718 
 254 118 
 76 1532 
 303 693 
 676 184 
 296 238 
 722 1304 
 7 492 
 35 1075 
 227 115 
 502 303 
 722 1768 
 696 1523 
 493 309 
 145 718 
 271 1522 
 138 235 
 250 693 
 152 738 
 691 452 
 144 501 
 667 225 
 19 830 
 163 719 
 414 250 
 497 496 
 176 1360 
 351 804 
 138 1532 
 613 1523 
 502 182 
 718 1506 
 60 733 
 613 639 
 270 739 
 276 740 
 169 1311 
 490 1522 
 63 1524 
 493 118 
 64 830 
 577 555 
 94 735 
 543 735 
 238 302 
 472 1524 
 399 1353 
 303 1524 
 78 225 
 275 677 
 371 1670 
 577 1866 
 345 1046 
 46 693 
 169 115 
 307 1102 
 676 718 
 191 242 
 466 739 
 515 804 
 609 338 
 502 744 
 77 498 
 316 184 
 596 306 
 145 219 
 220 1807 
 398 1533 
 64 846 
 115 581 
 290 1667 
 457 122 
 691 1124 
 158 304 
 502 1522 
 301 115 
 486 380 
 670 1273 
 69 733 
 48 702 
 722 1297 
 315 718 
 369 1075 
 731 301 
 122 718 
 210 70 
 240 890 
 214 303 
 166 718 
 577 1536 
 688 225 
 512 303 
 688 303 
 210 1126 
 457 118 
 381 501 
 220 1291 
 449 75 
 22 184 
 263 1154 
 472 1405 
 64 304 
 676 114 
 472 549 
 291 303 
 722 1585 
 713 122 
 497 302 
 511 39 
 648 1114 
 122 302 
 531 740 
 78 744 
 678 1522 
 26 804 
 401 114 
 181 1473 
 323 602 
 18 59 
 90 1401 
 139 1523 
 264 460 
 64 266 
 496 740 
 657 1815 
 466 118 
 443 1777 
 695 384 
 691 1699 
 275 225 
 531 1046 
 208 1670 
 244 1524 
 502 185 
 121 301 
 691 924 
 64 244 
 579 1524 
 420 219 
 722 482 
 64 730 
 570 118 
 369 1779 
 524 894 
 139 238 
 678 238 
 296 220 
 404 830 
 356 1154 
 151 1817 
 493 115 
 577 1531 
 124 242 
 420 751 
 583 1360 
 210 1723 
 691 1396 
 502 1044 
 520 231 
 609 1533 
 401 225 
 577 1138 
 88 804 
 531 231 
 353 303 
 294 1670 
 279 1397 
 691 1763 
 639 238 
 591 1868 
 328 365 
 639 225 
 445 739 
 488 862 
 577 1759 
 129 744 
 163 898 
 69 225 
 567 122 
 380 830 
 722 472 
 497 744 
 254 496 
 311 303 
 301 489 
 291 744 
 577 70 
 447 1669 
 423 1523 
 16 719 
 657 225 
 515 1154 
 423 363 
 48 751 
 291 736 
 405 1776 
 461 634 
 273 738 
 400 302 
 233 39 
 664 498 
 579 302 
 64 115 
 577 1254 
 121 219 
 41 399 
 496 823 
 655 730 
 577 529 
 161 1360 
 29 1043 
 515 1524 
 400 830 
 294 1669 
 482 412 
 723 811 
 71 1667 
 39 1401 
 352 501 
 577 1210 
 418 862 
 185 380 
 324 1668 
 577 1862 
 115 182 
 667 733 
 353 118 
 210 434 
 551 719 
 35 1123 
 134 304 
 124 244 
 354 926 
 16 1807 
 60 739 
 657 1523 
 564 719 
 311 242 
 715 244 
 529 830 
 354 361 
 695 389 
 152 301 
 210 1629 
 48 1154 
 38 231 
 490 925 
 26 150 
 141 414 
 380 1534 
 90 1400 
 240 1282 
 169 225 
 142 1654 
 393 1355 
 555 1549 
 577 1302 
 488 304 
 546 740 
 731 302 
 210 354 
 214 744 
 26 1330 
 146 733 
 684 116 
 447 1668 
 577 496 
 120 804 
 68 1291 
 530 1043 
 213 707 
 20 488 
 722 1335 
 684 220 
 579 744 
 150 932 
 157 515 
 493 1583 
 214 231 
 139 115 
 291 116 
 627 1526 
 502 266 
 454 1243 
 493 496 
 577 492 
 145 304 
 301 39 
 61 734 
 288 733 
 497 830 
 367 783 
 658 830 
 321 1243 
 335 677 
 473 118 
 227 1405 
 210 529 
 691 1906 
 577 347 
 64 303 
 124 250 
 495 118 
 577 326 
 350 304 
 379 1667 
 46 244 
 691 1665 
 657 39 
 502 795 
 567 718 
 577 1661 
 658 751 
 494 1779 
 384 1654 
 678 738 
 20 713 
 385 830 
 164 718 
 473 116 
 61 304 
 65 1667 
 669 1318 
 290 1668 
 151 498 
 364 830 
 210 323 
 471 502 
 321 218 
 513 1669 
 495 1405 
 210 270 
 490 116 
 412 733 
 337 744 
 634 714 
 64 250 
 195 1684 
 80 738 
 564 301 
 696 739 
 387 830 
 723 1554 
 364 118 
 511 302 
 152 740 
 63 744 
 198 1799 
 65 1669 
 384 664 
 120 1524 
 103 1154 
 328 1532 
 321 928 
 725 851 
 502 1583 
 248 1046 
 196 830 
 217 1397 
 60 302 
 459 1523 
 389 1667 
 181 737 
 551 1280 
 658 736 
 158 238 
 466 115 
 684 733 
 475 496 
 364 231 
 637 1194 
 722 348 
 186 1670 
 493 744 
 151 1509 
 533 219 
 577 1364 
 531 1534 
 722 1107 
 684 303 
 657 1046 
 273 1532 
 425 956 
 162 804 
 527 1523 
 69 302 
 159 118 
 691 816 
 389 1670 
 289 580 
 210 52 
 63 118 
 233 1522 
 401 740 
 667 231 
 346 1360 
 60 116 
 210 555 
 323 580 
 164 303 
 497 1154 
 730 220 
 490 677 
 691 564 
 722 1904 
 277 122 
 72 703 
 658 718 
 450 793 
 654 804 
 185 1044 
 210 915 
 529 242 
 426 925 
 69 238 
 401 1524 
 483 115 
 722 1657 
 80 225 
 699 1524 
 368 1630 
 722 1898 
 725 1665 
 344 806 
 164 738 
 64 231 
 717 225 
 488 231 
 227 1046 
 472 744 
 271 718 
 501 1549 
 214 1523 
 511 303 
 447 1670 
 277 116 
 147 115 
 353 304 
 474 580 
 528 315 
 211 1360 
 463 386 
 474 751 
 399 1355 
 475 122 
 472 122 
 159 1524 
 351 894 
 515 1777 
 275 250 
 121 220 
 20 677 
 577 1298 
 696 1524 
 567 303 
 377 932 
 691 448 
 494 804 
 350 225 
 722 529 
 296 219 
 577 967 
 697 733 
 113 737 
 722 612 
 723 1665 
 78 740 
 691 446 
 490 118 
 155 718 
 364 301 
 168 733 
 116 1063 
 697 231 
 214 1524 
 101 1361 
 691 1548 
 427 302 
 204 1524 
 377 1533 
 577 428 
 722 1391 
 496 182 
 99 305 
 311 220 
 313 115 
 158 733 
 275 244 
 15 361 
 712 1362 
 522 1112 
 29 1044 
 722 166 
 254 1046 
 152 1522 
 691 867 
 365 932 
 210 428 
 214 738 
 676 1405 
 502 225 
 443 59 
 178 118 
 360 474 
 691 1606 
 194 1868 
 268 39 
 139 231 
 296 303 
 210 492 
 577 1585 
 532 804 
 254 238 
 658 739 
 445 238 
 496 1674 
 560 830 
 134 303 
 55 580 
 567 302 
 399 1354 
 87 739 
 329 1776 
 151 1369 
 153 926 
 145 735 
 353 66 
 471 501 
 271 225 
 691 915 
 508 677 
 141 1668 
 24 116 
 121 225 
 153 804 
 234 1361 
 101 785 
 479 740 
 488 733 
 543 225 
 381 504 
 99 1524 
 566 718 
 405 1360 
 26 1336 
 301 225 
 546 1010 
 210 641 
 327 1775 
 503 1153 
 650 1281 
 543 739 
 546 1243 
 156 501 
 663 397 
 353 39 
 385 218 
 254 1522 
 332 1668 
 263 59 
 151 294 
 566 1274 
 15 1410 
 377 1534 
 566 231 
 196 242 
 153 363 
 475 115 
 722 1911 
 714 739 
 429 549 
 314 1360 
 168 238 
 210 355 
 163 496 
 726 854 
 311 739 
 567 114 
 121 250 
 412 738 
 63 182 
 471 500 
 649 235 
 490 231 
 311 740 
 275 1522 
 722 1005 
 457 115 
 373 255 
 646 895 
 350 1822 
 520 219 
 236 1343 
 722 1193 
 20 730 
 139 1522 
 570 830 
 481 822 
 722 439 
 653 1361 
 134 1667 
 145 303 
 493 730 
 722 630 
 159 718 
 714 242 
 368 1667 
 169 122 
 169 830 
 368 1361 
 418 59 
 353 1705 
 400 738 
 149 733 
 201 301 
 691 1881 
 400 733 
 64 718 
 691 1678 
 650 1895 
 288 736 
 678 1523 
 570 740 
 210 1665 
 344 469 
 408 1360 
 169 1524 
 684 1524 
 15 380 
 163 1210 
 714 250 
 152 1311 
 101 1871 
 328 1533 
 613 1044 
 67 244 
 350 1292 
 578 1570 
 158 738 
 244 702 
 513 1667 
 684 231 
 528 639 
 210 211 
 353 231 
 488 225 
 76 118 
 99 303 
 384 655 
 466 303 
 159 301 
 684 219 
 73 185 
 464 1673 
 297 1154 
 220 1243 
 492 804 
 429 956 
 354 1044 
 658 733 
 691 1297 
 168 304 
 99 118 
 691 555 
 158 302 
 691 52 
 353 302 
 418 309 
 332 693 
 214 301 
 435 735 
 393 1357 
 577 1567 
 679 942 
 80 116 
 418 278 
 297 1046 
 649 497 
 181 830 
 579 738 
 333 238 
 691 1305 
 380 1243 
 427 303 
 214 225 
 136 1914 
 147 122 
 158 116 
 464 1675 
 577 203 
 177 606 
 152 118 
 577 340 
 61 739 
 300 738 
 185 185 
 300 693 
 227 225 
 191 250 
 691 418 
 636 301 
 722 1718 
 158 1523 
 370 244 
 63 639 
 657 1522 
 611 925 
 579 305 
 401 116 
 472 739 
 141 929 
 694 1524 
 350 489 
 109 1010 
 195 370 
 238 744 
 311 581 
 696 39 
 691 1769 
 678 116 
 562 738 
 364 304 
 367 804 
 240 185 
 689 1520 
 715 242 
 275 242 
 156 500 
 550 242 
 354 363 
 246 620 
 488 839 
 726 851 
 229 242 
 511 116 
 670 1274 
 577 946 
 578 1901 
 149 734 
 60 238 
 657 1813 
 691 1636 
 198 804 
 497 1524 
 20 1010 
 210 149 
 577 1417 
 562 225 
 466 1522 
 529 250 
 311 830 
 121 1495 
 669 1837 
 401 738 
 327 549 
 231 1361 
 688 734 
 144 504 
 145 1405 
 276 743 
 103 1046 
 400 118 
 659 116 
 332 117 
 533 301 
 528 765 
 337 118 
 300 238 
 314 1361 
 311 302 
 691 817 
 210 345 
 91 830 
 76 302 
 159 116 
 691 877 
 577 355 
 80 1522 
 328 361 
 42 1524 
 64 1044 
 315 1243 
 490 238 
 136 1675 
 667 304 
 8 231 
 414 242 
 579 304 
 658 1524 
 311 718 
 244 733 
 457 116 
 35 830 
 135 1397 
 122 225 
 224 1807 
 61 305 
 566 238 
 479 739 
 169 744 
 570 1524 
 401 238 
 11 819 
 312 804 
 678 302 
 445 740 
 370 242 
 577 343 
 210 351 
 605 894 
 493 304 
 210 1699 
 418 1212 
 288 225 
 524 804 
 577 851 
 603 733 
 87 740 
 577 204 
 350 1044 
 282 1687 
 722 29 
 579 743 
 60 744 
 99 39 
 691 1862 
 298 804 
 515 733 
 466 116 
 702 238 
 5 1051 
 493 1044 
 63 1523 
 484 1355 
 658 302 
 42 718 
 463 785 
 369 1123 
 296 733 
 271 740 
 695 383 
 210 1300 
 35 1108 
 713 718 
 537 1667 
 696 738 
 211 380 
 273 1524 
 129 1673 
 546 751 
 722 69 
 429 733 
 153 361 
 425 955 
 337 39 
 236 1361 
 270 722 
 24 115 
 722 1752 
 611 1397 
 694 302 
 540 883 
 177 1704 
 103 1044 
 271 735 
 63 231 
 323 1620 
 463 1360 
 345 1154 
 169 1522 
 527 122 
 682 1046 
 294 1667 
 305 278 
 369 75 
 78 116 
 129 225 
 564 677 
 391 1532 
 308 1523 
 227 739 
 385 1243 
 678 115 
 726 1548 
 94 733 
 377 929 
 689 138 
 346 1361 
 87 231 
 210 1270 
 688 738 
 722 1440 
 401 1523 
 109 1522 
 614 244 
 613 303 
 238 304 
 657 238 
 502 115 
 121 231 
 99 122 
 385 741 
 54 1360 
 497 1635 
 126 115 
 658 862 
 678 303 
 254 231 
 271 738 
 273 739 
 142 1673 
 579 733 
 169 718 
 502 739 
 99 733 
 429 498 
 78 1029 
 39 1400 
 577 1086 
 400 122 
 169 220 
 496 898 
 577 1365 
 450 1212 
 710 1684 
 578 1163 
 531 238 
 577 923 
 236 1360 
 275 693 
 577 1124 
 207 1400 
 472 1311 
 132 116 
 210 887 
 291 496 
 159 830 
 627 235 
 300 677 
 60 231 
 80 302 
 654 361 
 145 736 
 17 898 
 35 1121 
 511 115 
 678 736 
 229 250 
 63 1044 
 229 738 
 350 1010 
 379 1670 
 650 3 
 372 1360 
 48 1429 
 691 431 
 691 922 
 493 116 
 691 765 
 181 740 
 722 334 
 577 55 
 138 926 
 667 1523 
 577 1874 
 577 21 
 327 894 
 515 302 
 315 1534 
 34 128 
 722 270 
 595 1243 
 300 220 
 511 225 
 194 1871 
 405 1291 
 360 39 
 226 1639 
 374 1252 
 60 380 
 99 301 
 135 925 
 178 1523 
 401 718 
 531 303 
 270 1879 
 400 713 
 546 531 
 33 185 
 435 733 
 37 751 
 311 735 
 725 1554 
 577 1590 
 722 1420 
 691 429 
 207 1448 
 577 1844 
 348 1670 
 210 888 
 515 740 
 472 39 
 185 39 
 294 1668 
 650 75 
 276 738 
 511 739 
 657 115 
 678 231 
 276 733 
 684 304 
 527 225 
 210 1568 
 71 1668 
 254 830 
 335 301 
 722 1725 
 311 305 
 236 1630 
 121 242 
 238 220 
 35 81 
 722 209 
 186 231 
 493 225 
 527 115 
 393 761 
 356 830 
 121 719 
 289 942 
 722 1172 
 240 1475 
 691 1786 
 361 1044 
 301 1053 
 722 1568 
 658 839 
 520 220 
 691 487 
 173 386 
 619 804 
 354 1046 
 163 1620 
 437 242 
 691 496 
 276 735 
 181 1523 
 674 304 
 678 1524 
 517 1522 
 127 1473 
 254 302 
 337 739 
 26 329 
 722 913 
 396 1044 
 210 1581 
 421 669 
 564 1495 
 300 1654 
 181 734 
 64 1154 
 577 1881 
 731 741 
 291 238 
 393 1354 
 254 733 
 577 913 
 650 687 
 381 502 
 647 1361 
 577 102 
 577 350 
 350 302 
 643 118 
 199 443 
 76 738 
 722 1821 
 496 1673 
 152 225 
 678 718 
 540 371 
 238 718 
 639 738 
 423 1524 
 578 1793 
 64 156 
 722 426 
 53 740 
 233 1524 
 64 822 
 401 301 
 398 693 
 271 739 
 300 498 
 232 1522 
 577 1657 
 515 1523 
 210 1638 
 722 548 
 389 1668 
 566 741 
 158 225 
 369 1109 
 159 1522 
 42 739 
 121 1523 
 504 1777 
 459 830 
 655 1176 
 577 1141 
 577 1849 
 99 238 
 657 738 
 155 740 
 271 1523 
 691 1138 
 131 751 
 115 830 
 722 71 
 210 1852 
 145 231 
 722 641 
 60 737 
 577 867 
 475 118 
 244 741 
 141 1883 
 653 1360 
 63 185 
 658 1589 
 490 738 
 511 1405 
 667 115 
 577 1548 
 482 399 
 303 1153 
 145 301 
 210 346 
 502 118 
 210 293 
 533 734 
 530 604 
 472 116 
 185 1184 
 101 1776 
 496 1635 
 722 40 
 186 1361 
 713 830 
 577 442 
 42 220 
 722 492 
 708 1670 
 666 1524 
 276 1243 
 691 1581 
 350 1210 
 196 122 
 420 220 
 570 220 
 364 733 
 291 743 
 181 225 
 159 740 
 389 1669 
 345 1043 
 291 804 
 191 830 
 370 738 
 188 59 
 26 1216 
 80 734 
 679 167 
 546 1495 
 324 1667 
 511 238 
 189 167 
 273 942 
 254 305 
 207 1401 
 691 1364 
 704 1204 
 152 693 
 353 830 
 577 293 
 696 830 
 99 1473 
 579 244 
 547 500 
 566 244 
 387 718 
 155 118 
 493 1154 
 622 502 
 273 303 
 220 76 
 364 740 
 493 1524 
 321 1778 
 169 733 
 404 244 
 289 1605 
 546 116 
 459 1209 
 64 185 
 456 925 
 722 293 
 454 1186 
 115 185 
 177 1861 
 570 739 
 613 361 
 290 1669 
 533 238 
 299 1776 
 244 739 
 496 301 
 584 244 
 722 1186 
 495 739 
 708 1669 
 164 231 
 494 81 
 722 867 
 466 830 
 113 733 
 210 350 
 543 305 
 232 1532 
 284 651 
 570 115 
 683 182 
 684 740 
 288 39 
 466 39 
 324 1669 
 328 363 
 404 250 
 503 804 
 353 1154 
 722 217 
 455 1668 
 29 1046 
 330 1776 
 578 1417 
 725 581 
 76 830 
 694 742 
 126 39 
 350 231 
 543 242 
 570 122 
 520 238 
 316 1523 
 430 1397 
 113 736 
 475 323 
 177 167 
 567 304 
 639 231 
 488 238 
 496 380 
 90 1449 
 722 1723 
 691 351 
 678 737 
 138 143 
 390 1578 
 168 739 
 69 231 
 724 397 
 57 719 
 684 122 
 54 1779 
 113 738 
 570 116 
 210 564 
 185 1524 
 354 488 
 94 734 
 80 735 
 232 220 
 546 942 
 159 115 
 691 1497 
 405 1630 
 289 1448 
 684 244 
 437 580 
 530 1044 
 337 115 
 423 703 
 226 1529 
 691 1759 
 308 718 
 377 1243 
 185 361 
 183 1243 
 691 1300 
 687 1673 
 258 414 
 577 356 
 61 738 
 136 1010 
 353 301 
 674 302 
 429 304 
 695 1210 
 685 1667 
 657 167 
 493 302 
 60 677 
 667 738 
 168 1532 
 726 426 
 726 651 
 234 739 
 691 1035 
 210 117 
 691 1308 
 158 496 
 348 1668 
 502 242 
 18 702 
 356 1043 
 229 830 
 403 1667 
 158 1522 
 350 1635 
 199 785 
 511 1522 
 493 231 
 393 143 
 144 502 
 484 1357 
 364 738 
 609 818 
 479 735 
 466 1523 
 679 1861 
 28 184 
 502 740 
 249 250 
 42 115 
 72 301 
 341 116 
 144 1350 
 311 1243 
 427 242 
 164 122 
 497 1445 
 229 740 
 450 804 
 30 242 
 639 302 
 459 385 
 350 1654 
 214 238 
 37 689 
 511 580 
 667 734 
 423 1573 
 291 242 
 232 231 
 328 639 
 299 386 
 577 1757 
 571 1473 
 238 740 
 271 238 
 222 1871 
 63 225 
 546 719 
 64 693 
 531 1522 
 637 116 
 57 1736 
 72 489 
 214 718 
 546 804 
 145 302 
 159 744 
 20 1630 
 76 739 
 83 1639 
 308 301 
 377 540 
 671 244 
 453 318 
 121 303 
 577 1305 
 650 315 
 502 1523 
 566 738 
 566 1522 
 201 830 
 419 741 
 226 1212 
 527 303 
 264 1639 
 722 1554 
 48 1522 
 543 238 
 670 1271 
 214 115 
 233 1523 
 691 1101 
 718 1537 
 60 735 
 158 118 
 136 1673 
 83 460 
 345 830 
 229 733 
 496 966 
 497 66 
 502 302 
 19 1522 
 667 302 
 691 427 
 166 1914 
 352 502 
 543 1154 
 311 1589 
 550 250 
 472 302 
 502 730 
 421 862 
 69 304 
 196 116 
 496 583 
 493 1043 
 271 39 
 577 1832 
 64 786 
 657 830 
 529 738 
 254 301 
 121 531 
 731 115 
 713 115 
 313 122 
 495 718 
 328 703 
 493 740 
 531 1524 
 631 1673 
 654 1524 
 63 366 
 152 122 
 368 1668 
 617 898 
 80 718 
 400 115 
 722 21 
 722 966 
 210 344 
 678 122 
 445 231 
 152 303 
 257 747 
 253 1673 
 496 677 
 296 225 
 577 817 
 188 713 
 210 608 
 502 1030 
 497 115 
 210 449 
 577 1824 
 300 713 
 231 1360 
 297 1043 
 275 220 
 722 1531 
 275 255 
 288 830 
 341 115 
 311 743 
 201 738 
 240 1180 
 577 685 
 504 1212 
 449 1807 
 577 1004 
 658 734 
 641 303 
 181 744 
 185 1043 
 181 1522 
 564 496 
 643 116 
 100 1046 
 149 225 
 658 581 
 101 1868 
 421 167 
 19 1523 
 577 1091 
 488 118 
 674 301 
 146 304 
 722 650 
 238 231 
 26 232 
 113 225 
 622 500 
 400 677 
 301 1524 
 33 830 
 113 301 
 168 928 
 711 1789 
 188 584 
 67 250 
 210 1279 
 368 370 
 488 1815 
 566 736 
 69 830 
 509 469 
 543 744 
 337 738 
 405 1361 
 61 219 
 691 1107 
 401 115 
 459 738 
 533 304 
 308 1524 
 579 238 
 99 115 
 210 487 
 674 303 
 35 182 
 78 1522 
 385 739 
 341 118 
 143 501 
 291 735 
 328 364 
 268 1044 
 566 118 
 413 1046 
 113 303 
 353 220 
 149 231 
 263 702 
 722 1262 
 287 278 
 691 28 
 312 639 
 423 804 
 210 1636 
 227 122 
 99 744 
 577 419 
 429 1522 
 80 1029 
 730 636 
 74 1534 
 185 225 
 398 231 
 291 231 
 311 733 
 178 1522 
 652 1669 
 729 318 
 691 1629 
 220 1534 
 178 323 
 38 225 
 127 739 
 684 238 
 722 1497 
 311 244 
 350 244 
 236 386 
 337 740 
 159 122 
 570 718 
 270 361 
 482 532 
 199 1361 
 691 912 
 227 302 
 168 219 
 722 1290 
 271 1524 
 681 298 
 41 1879 
 181 738 
 694 303 
 185 540 
 264 1529 
 722 1769 
 185 738 
 669 849 
 493 182 
 71 1669 
 577 1852 
 627 1914 
 368 1868 
 307 185 
 108 738 
 691 1306 
 539 580 
 178 739 
 276 736 
 168 735 
 350 1523 
 333 225 
 288 219 
 694 733 
 722 496 
 372 1361 
 430 925 
 220 323 
 158 122 
 722 801 
 132 122 
 166 830 
 511 718 
 502 304 
 60 39 
 691 103 
 289 1654 
 730 830 
 210 1086 
 350 713 
 401 303 
 659 118 
 297 1044 
 731 118 
 400 718 
 63 303 
 579 219 
 311 116 
 163 1448 
 291 225 
 270 804 
 342 116 
 157 508 
 163 1154 
 609 1429 
 210 1308 
 169 116 
 493 739 
 642 303 
 220 1348 
 472 740 
 64 739 
 288 740 
 486 1117 
 177 582 
 567 301 
 210 1491 
 546 1590 
 722 1897 
 664 1509 
 730 66 
 23 128 
 68 609 
 530 1046 
 493 738 
 529 1154 
 684 741 
 490 303 
 332 1291 
 479 751 
 210 1859 
 188 602 
 414 733 
 152 744 
 246 619 
 528 489 
 178 303 
 566 1523 
 236 370 
 311 744 
 300 304 
 551 1871 
 300 231 
 301 1523 
 688 238 
 566 744 
 63 1360 
 276 737 
 152 116 
 64 1043 
 227 118 
 543 740 
 328 804 
 495 39 
 115 751 
 577 212 
 454 804 
 244 225 
 52 363 
 163 361 
 667 1522 
 577 1901 
 650 1900 
 702 225 
 703 1807 
 169 1523 
 69 735 
 300 225 
 349 1779 
 311 1524 
 158 739 
 667 301 
 691 1417 
 105 242 
 652 804 
 451 1870 
 20 765 
 657 718 
 101 112 
 562 739 
 669 848 
 387 39 
 722 147 
 227 231 
 510 1871 
 511 1524 
 648 1113 
 622 504 
 577 341 
 210 1299 
 683 185 
 570 302 
 229 1524 
 122 733 
 691 1706 
 334 1401 
 684 305 
 186 1523 
 722 149 
 186 1668 
 684 118 
 145 118 
 393 572 
 110 220 
 273 740 
 658 242 
 78 1524 
 276 744 
 436 1668 
 22 1522 
 543 301 
 524 733 
 238 733 
 146 39 
 579 735 
 80 955 
 361 1046 
 244 231 
 17 795 
 477 602 
 356 39 
 164 740 
 642 302 
 155 116 
 63 301 
 725 352 
 380 741 
 722 815 
 542 1243 
 731 122 
 567 118 
 479 738 
 57 677 
 127 830 
 547 502 
 210 1752 
 99 830 
 647 203 
 210 913 
 333 231 
 7 750 
 531 718 
 551 1868 
 468 580 
 186 1669 
 722 1156 
 185 744 
 427 244 
 109 1524 
 691 1299 
 129 1523 
 99 1523 
 567 115 
 502 738 
 275 238 
 488 735 
 657 118 
 685 1670 
 350 156 
 173 1361 
 414 734 
 301 580 
 643 115 
 493 185 
 254 718 
 163 1454 
 343 792 
 214 1522 
 691 204 
 330 1360 
 195 1607 
 582 1175 
 658 744 
 87 738 
 404 303 
 722 1572 
 591 584 
 691 1531 
 122 301 
 26 1331 
 238 244 
 722 198 
 722 651 
 722 1441 
 567 116 
 538 1473 
 497 738 
 722 887 
 348 1669 
 639 718 
 527 718 
 691 1593 
 220 218 
 207 1449 
 155 115 
 234 1668 
 722 576 
 543 304 
 291 305 
 134 225 
 164 238 
 577 1793 
 657 301 
 53 1524 
 301 118 
 210 431 
 487 804 
 329 693 
 371 1669 
 445 225 
 145 115 
 229 1526 
