 328 363 
 210 354 
 140 1443 
 80 735 
 722 1858 
 280 231 
 405 280 
 494 1109 
 607 220 
 101 484 
 193 1817 
 352 501 
 59 116 
 662 1299 
 679 942 
 158 1524 
 691 103 
 96 492 
 158 225 
 159 738 
 273 830 
 402 735 
 226 1212 
 694 742 
 539 580 
 327 1523 
 261 1154 
 234 1522 
 140 739 
 244 702 
 356 303 
 157 508 
 60 733 
 580 1362 
 43 735 
 577 1107 
 580 1308 
 613 303 
 726 854 
 117 1522 
 275 225 
 210 70 
 691 1593 
 683 185 
 185 677 
 350 302 
 149 302 
 199 785 
 80 734 
 214 718 
 524 895 
 722 1535 
 558 122 
 360 114 
 140 208 
 722 472 
 104 718 
 516 580 
 507 738 
 527 115 
 140 1107 
 543 225 
 59 736 
 353 733 
 675 888 
 364 489 
 74 1534 
 288 238 
 728 1305 
 150 932 
 529 1523 
 387 830 
 296 303 
 718 370 
 99 1523 
 495 1522 
 495 1405 
 249 250 
 400 302 
 490 115 
 457 116 
 140 424 
 319 867 
 643 122 
 353 1705 
 22 1524 
 538 830 
 543 303 
 607 740 
 692 739 
 149 303 
 319 739 
 175 1534 
 250 693 
 210 564 
 675 854 
 131 677 
 103 830 
 227 303 
 185 1524 
 691 446 
 222 1361 
 80 1029 
 395 303 
 657 167 
 658 734 
 238 735 
 482 399 
 466 118 
 714 250 
 364 225 
 577 226 
 577 1035 
 99 231 
 611 925 
 238 740 
 159 1524 
 85 1046 
 289 580 
 138 850 
 332 1668 
 222 1360 
 291 242 
 666 1524 
 377 1532 
 696 718 
 113 231 
 249 242 
 140 740 
 300 830 
 280 1360 
 667 305 
 689 1520 
 238 219 
 728 487 
 517 1523 
 662 1678 
 507 250 
 169 733 
 377 932 
 675 487 
 200 1524 
 722 1531 
 63 238 
 577 1086 
 38 225 
 78 744 
 577 446 
 164 304 
 657 839 
 140 446 
 252 867 
 337 739 
 445 739 
 245 581 
 201 301 
 440 1361 
 527 739 
 675 1060 
 675 323 
 675 529 
 58 116 
 501 1550 
 99 115 
 35 1779 
 580 269 
 577 323 
 662 1554 
 692 956 
 675 448 
 402 744 
 692 740 
 113 744 
 117 738 
 658 302 
 183 1243 
 179 122 
 543 693 
 98 739 
 148 1210 
 258 414 
 529 301 
 210 1858 
 252 1904 
 475 122 
 356 244 
 210 351 
 423 1523 
 291 867 
 579 220 
 691 765 
 380 830 
 579 244 
 64 156 
 158 39 
 459 1523 
 591 1871 
 684 305 
 579 303 
 729 318 
 502 739 
 356 830 
 252 1365 
 140 1491 
 675 867 
 722 529 
 675 914 
 577 1536 
 208 1668 
 678 220 
 516 733 
 675 1757 
 580 135 
 227 1046 
 303 361 
 65 1667 
 122 1522 
 670 1271 
 580 1823 
 493 309 
 291 804 
 667 303 
 68 289 
 580 1391 
 691 427 
 638 1311 
 96 341 
 493 1522 
 168 238 
 121 1523 
 543 735 
 264 285 
 657 1523 
 266 830 
 210 888 
 502 1029 
 307 185 
 96 1060 
 472 116 
 201 738 
 140 961 
 429 304 
 17 1599 
 280 122 
 226 1529 
 64 118 
 497 1043 
 667 733 
 398 1532 
 210 447 
 714 242 
 691 685 
 580 961 
 558 225 
 194 1871 
 296 219 
 497 66 
 402 220 
 257 747 
 577 1570 
 580 1556 
 210 1193 
 210 1665 
 220 160 
 166 830 
 722 1262 
 371 1668 
 580 1629 
 677 718 
 64 830 
 691 1598 
 210 350 
 457 830 
 104 305 
 155 116 
 679 830 
 30 242 
 392 39 
 350 301 
 493 646 
 216 238 
 303 693 
 400 118 
 474 580 
 543 242 
 277 122 
 224 1807 
 244 742 
 321 925 
 443 1777 
 566 303 
 503 1153 
 577 1254 
 210 1901 
 691 1769 
 140 350 
 101 1361 
 60 735 
 140 1678 
 485 1522 
 422 35 
 496 823 
 308 1522 
 728 323 
 140 346 
 64 1252 
 104 1524 
 579 219 
 502 1046 
 175 862 
 300 713 
 577 1491 
 159 116 
 80 955 
 691 1107 
 280 363 
 543 220 
 682 1046 
 577 1830 
 622 504 
 216 733 
 722 1297 
 214 738 
 275 898 
 675 99 
 722 912 
 688 735 
 725 851 
 507 238 
 159 231 
 662 1548 
 657 303 
 59 302 
 113 740 
 639 238 
 161 285 
 389 895 
 281 39 
 577 608 
 104 220 
 385 1243 
 531 738 
 422 1779 
 33 830 
 722 1555 
 236 386 
 494 804 
 247 830 
 440 386 
 369 1075 
 580 946 
 358 1668 
 96 1156 
 643 116 
 300 738 
 313 115 
 239 830 
 580 1257 
 674 302 
 98 898 
 675 1126 
 485 1870 
 193 1509 
 122 302 
 414 244 
 350 304 
 691 1570 
 288 220 
 385 739 
 152 1524 
 675 1443 
 422 1120 
 728 1767 
 497 231 
 276 737 
 211 1361 
 507 231 
 60 115 
 580 765 
 273 303 
 186 1669 
 722 815 
 353 116 
 195 1607 
 662 1086 
 713 830 
 276 740 
 579 242 
 393 1355 
 216 302 
 564 488 
 726 492 
 458 894 
 722 1866 
 273 231 
 603 733 
 122 231 
 364 231 
 677 242 
 677 116 
 103 1154 
 577 1417 
 185 540 
 117 1405 
 96 1724 
 214 225 
 152 116 
 121 1495 
 471 501 
 578 1665 
 691 447 
 238 303 
 332 693 
 246 620 
 275 693 
 684 220 
 181 1473 
 42 740 
 580 685 
 722 71 
 200 66 
 151 498 
 358 323 
 458 895 
 158 1522 
 675 1852 
 360 474 
 405 1360 
 95 1667 
 17 795 
 276 743 
 722 1851 
 639 718 
 722 480 
 493 303 
 401 305 
 570 738 
 726 651 
 367 1582 
 353 303 
 253 301 
 98 225 
 695 389 
 577 529 
 691 28 
 495 39 
 657 238 
 731 116 
 238 739 
 233 1524 
 429 184 
 497 1524 
 252 1154 
 675 1891 
 328 1533 
 289 898 
 577 967 
 58 115 
 457 122 
 578 830 
 166 1230 
 371 1667 
 291 740 
 96 99 
 154 1523 
 69 735 
 42 115 
 59 739 
 466 830 
 210 854 
 153 361 
 577 1657 
 558 242 
 99 718 
 337 118 
 558 304 
 271 220 
 159 115 
 675 1881 
 650 1281 
 345 1043 
 333 184 
 78 115 
 33 925 
 113 301 
 185 496 
 200 735 
 423 703 
 722 1904 
 436 1668 
 396 1043 
 174 1155 
 662 555 
 67 250 
 366 677 
 562 738 
 323 580 
 684 219 
 261 1044 
 319 238 
 140 1763 
 637 1102 
 140 1881 
 63 303 
 516 122 
 650 1900 
 726 1665 
 580 1548 
 662 431 
 216 225 
 120 804 
 678 1523 
 186 1668 
 291 734 
 348 1669 
 654 1524 
 466 122 
 662 1667 
 134 225 
 675 326 
 580 1568 
 496 738 
 311 733 
 210 1124 
 405 1776 
 728 915 
 26 228 
 488 118 
 140 348 
 311 115 
 350 1292 
 691 1308 
 354 361 
 511 580 
 177 582 
 417 225 
 497 1445 
 490 116 
 142 1654 
 220 1534 
 246 619 
 140 801 
 722 1365 
 493 1044 
 691 419 
 163 1568 
 337 115 
 412 733 
 411 734 
 722 887 
 216 830 
 562 739 
 580 1420 
 236 785 
 210 1723 
 328 703 
 545 244 
 64 1154 
 472 303 
 311 305 
 580 496 
 373 255 
 722 576 
 657 225 
 583 1361 
 200 739 
 122 741 
 677 737 
 728 1859 
 96 1821 
 229 733 
 59 225 
 449 1852 
 722 482 
 214 238 
 104 549 
 722 149 
 241 1523 
 546 218 
 80 1524 
 540 883 
 395 225 
 76 739 
 566 238 
 113 733 
 99 116 
 671 303 
 677 740 
 456 116 
 472 39 
 149 225 
 64 1046 
 578 1901 
 324 1667 
 691 1101 
 80 738 
 613 1524 
 613 804 
 677 1589 
 210 1859 
 196 118 
 401 739 
 261 1046 
 662 1300 
 577 1531 
 643 718 
 185 1043 
 722 166 
 136 1673 
 459 1212 
 181 736 
 490 862 
 580 1897 
 516 738 
 675 427 
 577 1849 
 252 1699 
 558 1524 
 185 185 
 48 1523 
 580 1531 
 722 348 
 667 738 
 327 549 
 475 118 
 140 1126 
 577 349 
 546 531 
 658 839 
 722 548 
 140 428 
 488 225 
 279 925 
 580 147 
 662 341 
 558 1589 
 200 743 
 140 1767 
 210 482 
 728 685 
 607 231 
 605 894 
 677 302 
 200 304 
 99 305 
 178 605 
 64 693 
 674 304 
 96 1636 
 139 231 
 168 739 
 469 739 
 516 220 
 60 718 
 261 238 
 671 242 
 639 738 
 578 1417 
 104 830 
 200 219 
 61 735 
 528 804 
 140 24 
 159 718 
 349 1779 
 210 345 
 669 1318 
 675 1548 
 319 399 
 280 740 
 569 1630 
 277 118 
 580 346 
 684 1524 
 695 1212 
 368 370 
 677 734 
 622 500 
 368 1868 
 179 830 
 580 350 
 323 1778 
 418 309 
 64 822 
 311 244 
 78 1522 
 241 231 
 101 443 
 455 1871 
 691 1396 
 85 1044 
 59 743 
 311 734 
 722 1745 
 18 59 
 495 115 
 540 1415 
 395 118 
 140 204 
 259 1446 
 321 928 
 185 744 
 675 204 
 59 735 
 488 830 
 580 1844 
 210 529 
 204 39 
 580 1417 
 35 185 
 72 1532 
 271 718 
 263 751 
 220 1291 
 280 496 
 722 1725 
 147 128 
 566 1523 
 354 804 
 722 1107 
 178 244 
 577 1568 
 55 580 
 140 203 
 675 350 
 387 220 
 396 1044 
 96 1293 
 199 443 
 579 302 
 364 302 
 60 301 
 163 804 
 352 502 
 58 830 
 566 735 
 335 225 
 567 118 
 132 118 
 558 302 
 595 1534 
 144 459 
 425 956 
 580 1124 
 607 219 
 580 1032 
 60 738 
 675 1593 
 414 738 
 580 359 
 436 1669 
 117 115 
 252 854 
 210 161 
 551 1871 
 504 1209 
 98 744 
 684 118 
 271 1523 
 77 589 
 488 1046 
 96 1699 
 580 1300 
 661 830 
 418 59 
 121 898 
 99 238 
 152 1522 
 152 693 
 437 580 
 117 718 
 577 1590 
 657 693 
 493 496 
 87 740 
 140 1585 
 466 303 
 131 693 
 279 751 
 643 1807 
 364 718 
 63 76 
 580 1718 
 104 116 
 96 1881 
 484 1353 
 648 1115 
 158 122 
 179 1522 
 486 380 
 546 1590 
 358 1670 
 121 220 
 352 504 
 96 355 
 80 740 
 684 718 
 691 912 
 275 220 
 577 1279 
 179 739 
 580 1606 
 567 301 
 287 278 
 577 448 
 562 302 
 577 1665 
 311 1524 
 529 739 
 414 739 
 98 1243 
 580 344 
 155 115 
 677 244 
 570 39 
 577 1901 
 691 1124 
 728 1793 
 210 99 
 283 1532 
 469 956 
 96 1570 
 139 1523 
 296 733 
 433 1679 
 414 733 
 580 482 
 577 1210 
 393 850 
 454 693 
 217 1397 
 153 1153 
 650 1902 
 80 1523 
 280 744 
 210 1821 
 195 1684 
 344 1360 
 377 1243 
 185 361 
 200 736 
 393 761 
 195 370 
 662 1034 
 580 108 
 389 1667 
 502 231 
 199 1360 
 658 744 
 615 1348 
 319 1291 
 577 1528 
 76 39 
 140 341 
 360 1397 
 502 730 
 401 301 
 26 1330 
 291 744 
 23 126 
 511 301 
 178 225 
 520 219 
 678 301 
 401 302 
 280 354 
 722 1629 
 268 1043 
 675 1553 
 401 718 
 247 1311 
 579 830 
 99 118 
 196 242 
 152 1311 
 577 1706 
 722 308 
 723 1554 
 179 39 
 252 1534 
 185 302 
 497 1522 
 691 496 
 577 1305 
 138 926 
 722 774 
 229 744 
 414 250 
 140 492 
 558 736 
 122 733 
 210 323 
 377 929 
 684 741 
 198 744 
 280 118 
 48 1429 
 713 118 
 488 1044 
 567 304 
 675 212 
 678 115 
 366 231 
 580 70 
 566 304 
 583 1360 
 420 114 
 564 496 
 329 1776 
 675 1759 
 609 338 
 457 118 
 226 460 
 722 1172 
 543 244 
 567 305 
 662 208 
 578 1307 
 419 739 
 291 303 
 567 302 
 133 219 
 26 75 
 216 115 
 136 1675 
 42 738 
 684 238 
 577 1365 
 675 1572 
 490 703 
 577 346 
 90 1400 
 401 238 
 210 1767 
 281 116 
 261 718 
 253 830 
 210 293 
 113 738 
 311 736 
 580 21 
 691 1786 
 580 472 
 691 1138 
 727 1519 
 578 1793 
 577 447 
 65 1668 
 360 830 
 724 397 
 513 1669 
 117 122 
 105 242 
 566 734 
 677 231 
 129 839 
 151 294 
 667 238 
 152 238 
 356 1524 
 613 1522 
 117 743 
 475 323 
 393 143 
 678 231 
 15 1410 
 657 122 
 334 1400 
 387 741 
 227 122 
 531 302 
 691 1706 
 129 1673 
 252 1491 
 664 1509 
 85 1043 
 654 804 
 722 966 
 688 738 
 291 302 
 658 736 
 268 66 
 577 1597 
 210 344 
 241 1522 
 687 1673 
 404 242 
 191 242 
 347 1360 
 271 225 
 139 238 
 691 1417 
 532 804 
 502 744 
 169 1534 
 179 116 
 440 1868 
 200 1154 
 696 39 
 580 448 
 131 211 
 59 734 
 117 231 
 196 1473 
 558 738 
 136 167 
 580 1296 
 366 1523 
 328 804 
 472 744 
 175 1397 
 214 231 
 678 118 
 140 867 
 580 1222 
 35 1075 
 691 1793 
 607 303 
 691 1362 
 210 548 
 566 301 
 577 854 
 511 1522 
 496 182 
 348 1668 
 577 867 
 454 1186 
 181 744 
 580 103 
 207 1401 
 214 740 
 20 483 
 650 1895 
 496 581 
 580 492 
 149 733 
 261 744 
 580 1711 
 579 738 
 341 122 
 80 830 
 650 1740 
 731 740 
 570 220 
 140 351 
 691 851 
 140 733 
 578 354 
 691 1638 
 280 1153 
 163 1448 
 337 39 
 605 895 
 577 342 
 140 630 
 273 942 
 138 1429 
 678 718 
 495 738 
 217 925 
 678 738 
 580 211 
 261 302 
 289 1448 
 502 738 
 551 1280 
 268 39 
 580 813 
 662 340 
 210 1308 
 289 929 
 275 238 
 504 1665 
 210 1270 
 673 1115 
 421 167 
 181 1523 
 281 1044 
 144 1350 
 579 734 
 323 602 
 140 442 
 691 1699 
 722 817 
 244 231 
 543 733 
 64 1523 
 99 302 
 607 738 
 607 1524 
 245 443 
 366 225 
 127 830 
 354 926 
 366 488 
 76 830 
 675 346 
 80 744 
 239 225 
 101 112 
 16 1807 
 728 574 
 291 737 
 580 52 
 730 636 
 490 1522 
 722 1852 
 318 1449 
 163 929 
 577 1585 
 142 1673 
 580 1794 
 122 738 
 497 1523 
 117 302 
 261 250 
 179 1673 
 238 304 
 566 736 
 181 739 
 567 115 
 185 238 
 96 211 
 662 346 
 87 739 
 198 804 
 335 305 
 131 212 
 157 515 
 579 225 
 497 303 
 658 581 
 35 81 
 580 799 
 675 887 
 216 1405 
 179 118 
 649 497 
 402 122 
 580 1101 
 577 208 
 570 303 
 173 1360 
 129 219 
 280 739 
 227 1405 
 163 580 
 140 1032 
 200 734 
 580 576 
 562 741 
 364 301 
 140 1033 
 472 549 
 233 718 
 78 225 
 366 380 
 60 303 
 185 39 
 104 231 
 577 1852 
 140 877 
 580 1306 
 158 115 
 291 238 
 104 122 
 639 231 
 121 693 
 271 735 
 527 1523 
 511 830 
 122 303 
 493 118 
 641 302 
 520 238 
 358 867 
 445 225 
 730 220 
 163 898 
 566 743 
 364 703 
 701 639 
 493 1583 
 678 238 
 181 115 
 423 1524 
 229 830 
 159 301 
 482 412 
 675 1570 
 271 738 
 396 1045 
 311 302 
 362 898 
 507 1154 
 315 1243 
 311 737 
 466 1522 
 503 804 
 171 894 
 662 1491 
 177 167 
 543 305 
 204 1524 
 547 505 
 271 1522 
 179 114 
 229 1473 
 64 739 
 558 244 
 117 116 
 154 1522 
 369 1121 
 35 1121 
 211 1360 
 494 830 
 339 925 
 488 231 
 728 99 
 580 1759 
 273 1532 
 551 268 
 227 738 
 350 244 
 730 39 
 319 1064 
 374 1238 
 307 1102 
 497 744 
 580 1302 
 252 1669 
 280 185 
 580 24 
 103 1044 
 580 547 
 350 1736 
 200 238 
 169 302 
 490 683 
 580 1571 
 502 116 
 683 182 
 17 1909 
 140 876 
 90 1399 
 726 447 
 186 203 
 96 1299 
 543 304 
 71 1670 
 121 244 
 164 718 
 404 303 
 695 385 
 72 830 
 300 734 
 271 830 
 524 733 
 642 302 
 300 733 
 252 1126 
 238 733 
 675 1590 
 490 238 
 722 1665 
 311 220 
 64 738 
 179 540 
 261 116 
 655 730 
 232 1522 
 350 1046 
 580 1107 
 214 580 
 233 1523 
 72 703 
 675 1793 
 493 304 
 364 118 
 722 21 
 214 303 
 607 225 
 59 238 
 580 966 
 395 231 
 113 739 
 488 238 
 417 238 
 281 115 
 667 302 
 252 1678 
 722 630 
 724 298 
 473 116 
 389 1670 
 722 351 
 691 1636 
 308 301 
 691 426 
 168 738 
 69 830 
 76 303 
 63 301 
 17 894 
 113 736 
 39 581 
 507 739 
 580 1790 
 252 801 
 400 304 
 163 1620 
 722 426 
 139 115 
 472 231 
 147 115 
 657 1813 
 475 1861 
 210 1793 
 694 733 
 238 738 
 271 740 
 252 345 
 147 118 
 580 1426 
 675 344 
 422 1386 
 142 185 
 485 1523 
 261 739 
 456 925 
 646 894 
 607 735 
 90 1401 
 691 1300 
 261 304 
 116 1063 
 502 1523 
 398 1533 
 54 1360 
 405 693 
 270 804 
 48 702 
 580 40 
 511 718 
 675 1440 
 570 718 
 72 301 
 178 323 
 691 816 
 183 1534 
 252 1086 
 318 1400 
 580 1150 
 579 238 
 696 1524 
 323 1620 
 281 323 
 96 913 
 675 446 
 577 431 
 546 898 
 647 1361 
 140 1270 
 387 1524 
 275 719 
 252 555 
 354 1807 
 675 1124 
 712 1362 
 401 122 
 513 1670 
 210 211 
 507 244 
 475 830 
 495 118 
 175 1605 
 282 370 
 169 220 
 569 59 
 96 1725 
 580 1335 
 97 1046 
 449 1914 
 140 1901 
 20 677 
 580 198 
 677 301 
 347 739 
 179 1523 
 232 1532 
 418 581 
 577 347 
 393 144 
 234 1669 
 547 502 
 657 1524 
 725 1665 
 387 39 
 675 1874 
 210 341 
 22 184 
 580 922 
 280 1154 
 99 733 
 429 733 
 175 1154 
 666 1523 
 238 242 
 577 1554 
 580 1881 
 140 344 
 677 738 
 117 219 
 472 718 
 567 303 
 580 217 
 83 1529 
 684 302 
 398 693 
 495 1524 
 181 1029 
 252 323 
 140 1847 
 163 1154 
 377 540 
 261 496 
 29 1043 
 133 244 
 147 116 
 104 118 
 592 1868 
 497 39 
 171 1522 
 96 1295 
 387 1523 
 580 1826 
 131 1736 
 163 730 
 58 744 
 731 122 
 63 639 
 356 1046 
 579 744 
 26 150 
 140 1417 
 543 219 
 543 738 
 684 301 
 667 744 
 662 1365 
 484 1351 
 650 1125 
 580 1767 
 577 1598 
 159 739 
 321 1534 
 201 302 
 300 231 
 691 1491 
 613 118 
 327 1775 
 181 1524 
 96 608 
 577 816 
 580 1585 
 67 244 
 429 1522 
 577 1793 
 493 740 
 484 1354 
 113 302 
 592 1280 
 63 118 
 342 115 
 728 1491 
 472 738 
 675 1594 
 311 242 
 289 1605 
 350 1010 
 657 1044 
 662 1638 
 722 1032 
 140 1823 
 252 1581 
 290 1669 
 43 737 
 566 115 
 558 39 
 684 242 
 179 220 
 546 116 
 691 1790 
 115 185 
 59 1524 
 59 122 
 691 1548 
 577 1757 
 490 231 
 191 250 
 400 115 
 282 1687 
 270 361 
 332 1667 
 577 70 
 688 225 
 558 118 
 210 817 
 220 1348 
 80 1522 
 48 751 
 96 1091 
 728 447 
 687 1044 
 367 926 
 179 115 
 169 1522 
 684 733 
 175 1473 
 158 496 
 159 733 
 122 238 
 369 75 
 76 1523 
 722 28 
 159 118 
 577 1638 
 280 1044 
 675 356 
 71 1667 
 385 741 
 164 830 
 609 751 
 281 231 
 83 1639 
 667 740 
 69 225 
 95 1668 
 232 220 
 558 238 
 96 851 
 353 220 
 140 1706 
 722 1752 
 216 738 
 580 1364 
 80 116 
 319 920 
 496 1673 
 248 1044 
 662 1107 
 96 1879 
 496 380 
 53 1523 
 543 739 
 493 738 
 662 1396 
 496 693 
 516 1523 
 675 341 
 328 1532 
 691 1172 
 341 116 
 20 488 
 61 231 
 121 225 
 591 1173 
 252 1667 
 141 414 
 109 1010 
 570 122 
 76 118 
 96 1723 
 361 1044 
 580 149 
 21 1010 
 550 250 
 429 498 
 580 913 
 192 1243 
 570 739 
 695 386 
 722 18 
 393 1354 
 261 39 
 722 1821 
 423 639 
 577 1874 
 580 1572 
 350 489 
 429 301 
 580 358 
 436 1670 
 577 343 
 146 303 
 430 1397 
 691 1365 
 239 238 
 667 301 
 546 830 
 140 52 
 352 500 
 678 116 
 158 733 
 300 735 
 349 1075 
 691 817 
 577 442 
 684 304 
 96 346 
 58 718 
 23 130 
 99 303 
 449 75 
 152 39 
 216 301 
 210 1572 
 350 804 
 435 734 
 419 741 
 110 220 
 64 1524 
 639 740 
 580 1570 
 675 1305 
 319 488 
 129 225 
 138 235 
 236 1343 
 678 304 
 96 203 
 319 361 
 577 1391 
 497 1605 
 529 1154 
 675 345 
 577 946 
 229 719 
 290 1667 
 580 426 
 319 496 
 658 242 
 78 1029 
 670 1267 
 675 1417 
 281 122 
 101 1776 
 477 702 
 311 744 
 493 1043 
 596 306 
 730 718 
 65 1669 
 669 849 
 502 302 
 722 1497 
 200 244 
 158 718 
 643 118 
 42 1522 
 99 39 
 417 231 
 558 231 
 350 225 
 678 225 
 516 302 
 60 118 
 156 502 
 26 1216 
 405 1291 
 163 354 
 477 602 
 159 238 
 281 733 
 493 182 
 529 744 
 466 39 
 117 114 
 138 1153 
 229 734 
 61 734 
 580 1678 
 64 303 
 658 244 
 244 303 
 201 830 
 179 1524 
 210 208 
 20 1010 
 385 830 
 662 608 
 497 1044 
 678 733 
 37 285 
 63 361 
 684 115 
 726 851 
 64 301 
 321 218 
 580 209 
 64 718 
 570 1523 
 580 1304 
 402 225 
 416 1360 
 166 1914 
 497 1604 
 566 225 
 550 244 
 420 219 
 319 925 
 691 876 
 580 1267 
 543 238 
 454 1243 
 96 1270 
 678 302 
 96 1167 
 144 502 
 78 738 
 702 219 
 210 212 
 275 1522 
 138 639 
 662 1670 
 214 1417 
 537 1670 
 275 242 
 546 1522 
 577 1126 
 191 830 
 140 574 
 580 529 
 96 448 
 64 225 
 113 380 
 210 428 
 358 301 
 323 804 
 377 218 
 722 1884 
 422 1534 
 570 238 
 667 734 
 508 677 
 580 487 
 648 1114 
 71 1668 
 327 441 
 662 345 
 140 1572 
 229 250 
 690 298 
 288 736 
 658 735 
 368 1361 
 229 738 
 345 830 
 566 718 
 722 1290 
 99 1405 
 652 804 
 280 1046 
 96 487 
 99 738 
 367 588 
 220 218 
 402 733 
 580 1440 
 722 434 
 208 1669 
 361 1043 
 496 583 
 658 225 
 454 218 
 140 685 
 722 1718 
 607 744 
 648 1113 
 497 740 
 116 1018 
 579 1589 
 155 740 
 580 1747 
 210 1060 
 722 1033 
 280 116 
 675 351 
 60 677 
 178 250 
 238 718 
 227 39 
 658 238 
 664 498 
 493 1154 
 158 304 
 684 231 
 558 115 
 337 303 
 631 1473 
 35 1108 
 577 1548 
 540 278 
 60 736 
 464 1675 
 691 1906 
 300 220 
 550 39 
 691 70 
 488 581 
 580 97 
 595 1243 
 511 302 
 657 115 
 250 709 
 216 739 
 59 301 
 148 1209 
 140 1555 
 96 1282 
 708 1668 
 76 1532 
 377 1534 
 140 1299 
 722 1417 
 340 1669 
 691 351 
 311 581 
 291 735 
 577 851 
 281 238 
 369 1123 
 675 354 
 577 1592 
 53 1524 
 677 744 
 570 1522 
 78 1523 
 96 905 
 580 817 
 566 1154 
 580 901 
 580 608 
 631 830 
 234 1670 
 63 744 
 405 386 
 662 347 
 675 1531 
 271 303 
 59 244 
 318 1428 
 661 1473 
 214 1524 
 324 1669 
 96 354 
 722 1005 
 166 718 
 675 102 
 167 1868 
 566 118 
 423 1534 
 387 1522 
 678 735 
 400 830 
 17 898 
 240 185 
 185 1522 
 59 115 
 580 20 
 308 718 
 495 231 
 238 302 
 136 1807 
 210 1491 
 416 1361 
 691 1126 
 185 303 
 129 1523 
 152 231 
 639 302 
 358 496 
 29 1046 
 691 1852 
 163 496 
 728 1156 
 691 1297 
 384 1654 
 90 1450 
 20 160 
 463 1360 
 179 925 
 193 498 
 159 740 
 273 1673 
 580 418 
 547 503 
 389 1668 
 281 739 
 177 606 
 657 39 
 220 203 
 691 1035 
 117 303 
 353 830 
 722 29 
 691 226 
 366 1522 
 422 81 
 495 225 
 728 867 
 564 867 
 437 244 
 216 231 
 99 301 
 271 739 
 321 238 
 580 1193 
 261 323 
 281 740 
 63 182 
 229 39 
 677 304 
 271 733 
 580 1911 
 577 1661 
 703 1807 
 401 114 
 61 738 
 226 285 
 578 1126 
 529 242 
 239 1524 
 429 303 
 153 639 
 675 342 
 675 1901 
 140 738 
 100 1046 
 723 811 
 177 1704 
 516 118 
 152 738 
 516 718 
 493 250 
 140 343 
 580 323 
 64 1583 
 722 1568 
 694 718 
 655 1176 
 149 304 
 691 204 
 239 739 
 282 249 
 348 1667 
 296 302 
 356 718 
 168 928 
 564 301 
 580 212 
 666 1522 
 140 345 
 276 733 
 674 303 
 701 804 
 275 244 
 579 743 
 675 1824 
 566 733 
 252 1638 
 580 899 
 691 431 
 418 862 
 577 1891 
 566 741 
 227 1523 
 291 244 
 192 380 
 104 238 
 691 1004 
 281 1405 
 479 739 
 140 342 
 401 1523 
 691 1299 
 507 1534 
 580 1661 
 511 118 
 577 209 
 475 39 
 720 1782 
 276 744 
 248 1043 
 210 1641 
 662 496 
 311 116 
 66 1511 
 420 830 
 311 1589 
 77 498 
 173 386 
 319 363 
 619 804 
 437 242 
 158 740 
 722 651 
 152 744 
 98 302 
 61 301 
 580 1665 
 691 915 
 276 741 
 511 738 
 347 740 
 502 225 
 728 1901 
 87 231 
 90 1212 
 558 219 
 510 1871 
 688 739 
 722 1724 
 495 122 
 179 718 
 191 244 
 154 238 
 722 216 
 96 854 
 59 733 
 16 719 
 488 862 
 580 1901 
 178 1523 
 58 303 
 181 735 
 722 1585 
 402 736 
 96 1548 
 35 602 
 244 738 
 497 304 
 725 352 
 691 108 
 252 1035 
 580 1745 
 271 231 
 353 304 
 398 231 
 454 804 
 281 743 
 104 225 
 268 1046 
 96 915 
 268 1044 
 238 1405 
 691 1554 
 131 209 
 229 735 
 493 231 
 466 115 
 226 1639 
 104 219 
 580 1748 
 577 1678 
 98 231 
 60 302 
 140 555 
 129 1674 
 677 736 
 69 231 
 404 250 
 592 1871 
 264 1639 
 520 225 
 185 301 
 318 1427 
 494 1112 
 276 1243 
 98 303 
 192 739 
 140 1086 
 121 719 
 662 447 
 546 323 
 451 1870 
 566 738 
 29 1044 
 358 1523 
 80 718 
 61 739 
 577 55 
 216 1522 
 654 363 
 463 1361 
 691 888 
 516 301 
 546 354 
 675 429 
 520 220 
 139 219 
 627 1914 
 227 115 
 497 1635 
 691 452 
 101 1868 
 324 1668 
 403 1668 
 308 1524 
 384 664 
 259 1447 
 579 231 
 566 744 
 391 1532 
 675 1295 
 69 304 
 657 830 
 657 739 
 244 238 
 87 738 
 140 496 
 497 302 
 627 235 
 472 238 
 263 702 
 318 1401 
 311 301 
 622 502 
 578 1162 
 280 830 
 577 356 
 420 220 
 329 1343 
 292 225 
 144 501 
 63 115 
 261 301 
 200 740 
 63 1524 
 385 218 
 178 1043 
 133 220 
 496 966 
 637 116 
 650 687 
 580 1717 
 358 242 
 528 765 
 74 830 
 675 1884 
 708 1669 
 577 1581 
 580 351 
 580 442 
 26 1339 
 158 303 
 311 830 
 59 744 
 577 913 
 210 608 
 639 225 
 321 1778 
 580 1834 
 64 302 
 395 744 
 511 225 
 546 751 
 63 1523 
 358 1667 
 99 1469 
 238 734 
 566 220 
 252 1668 
 494 81 
 271 304 
 306 220 
 37 1360 
 178 203 
 164 740 
 158 238 
 121 302 
 291 743 
 580 888 
 580 216 
 612 718 
 678 737 
 412 735 
 328 365 
 98 735 
 531 1243 
 580 851 
 511 733 
 580 1299 
 64 862 
 115 581 
 35 182 
 447 1668 
 288 231 
 59 830 
 319 1292 
 318 1399 
 356 39 
 39 1400 
 566 122 
 662 1570 
 96 447 
 240 1282 
 502 1043 
 670 1273 
 200 231 
 722 1362 
 356 1043 
 401 1524 
 134 303 
 134 1670 
 264 1529 
 688 734 
 185 1523 
 69 238 
 177 1861 
 472 1524 
 516 115 
 422 301 
 319 751 
 350 1186 
 389 1669 
 68 1840 
 577 1553 
 329 280 
 210 1126 
 385 1534 
 580 1566 
 577 354 
 181 734 
 126 115 
 479 735 
 185 231 
 722 1859 
 261 122 
 662 888 
 353 740 
 280 364 
 185 1044 
 164 225 
 133 301 
 279 1397 
 684 1589 
 210 1548 
 580 480 
 370 250 
 570 744 
 22 1523 
 59 219 
 122 740 
 722 1898 
 140 1570 
 658 1524 
 353 39 
 551 1868 
 69 739 
 64 740 
 127 1469 
 555 1549 
 223 78 
 244 741 
 37 689 
 289 361 
 210 492 
 578 1305 
 210 685 
 722 1440 
 536 244 
 179 740 
 675 496 
 714 739 
 67 242 
 728 351 
 650 3 
 227 231 
 472 225 
 722 198 
 657 718 
 577 564 
 167 1871 
 425 955 
 496 740 
 364 304 
 236 1868 
 528 489 
 168 830 
 291 225 
 99 1524 
 691 924 
 303 1153 
 139 225 
 558 737 
 185 1046 
 296 220 
 690 1223 
 210 1629 
 90 1449 
 418 1212 
 345 1046 
 370 242 
 358 1669 
 281 738 
 35 1123 
 126 122 
 280 242 
 497 738 
 379 1670 
 584 244 
 140 1298 
 210 1678 
 527 740 
 210 1699 
 696 740 
 93 686 
 675 355 
 694 1524 
 387 734 
 109 1522 
 273 1524 
 580 435 
 88 804 
 63 1046 
 607 736 
 577 1763 
 159 744 
 662 1665 
 96 1763 
 188 59 
 185 739 
 121 677 
 580 1835 
 210 1568 
 289 1654 
 691 1305 
 168 225 
 169 1311 
 659 116 
 104 740 
 466 1523 
 461 634 
 580 1706 
 677 733 
 720 317 
 64 786 
 611 1397 
 691 1763 
 214 739 
 546 719 
 319 354 
 728 612 
 684 735 
 675 1257 
 239 244 
 333 231 
 577 427 
 101 59 
 682 1522 
 423 804 
 475 115 
 419 830 
 580 1723 
 138 804 
 671 244 
 580 1725 
 350 306 
 273 400 
 181 718 
 154 1524 
 469 955 
 527 738 
 675 447 
 577 1270 
 577 555 
 90 1448 
 350 713 
 657 1046 
 152 118 
 609 1429 
 261 1043 
 299 386 
 332 1291 
 140 744 
 412 738 
 210 1293 
 63 738 
 300 677 
 684 122 
 68 380 
 61 304 
 713 122 
 296 238 
 216 118 
 547 504 
 200 39 
 675 1270 
 64 242 
 289 730 
 273 738 
 232 238 
 669 1837 
 493 795 
 200 733 
 26 1336 
 686 318 
 402 739 
 429 693 
 691 1606 
 607 733 
 546 1495 
 577 923 
 163 751 
 577 1844 
 722 40 
 96 105 
 26 329 
 104 498 
 319 1029 
 210 867 
 96 612 
 580 89 
 445 238 
 348 1670 
 140 799 
 37 1243 
 691 564 
 495 740 
 210 448 
 691 428 
 159 302 
 72 489 
 677 238 
 169 830 
 662 342 
 722 217 
 63 1043 
 126 39 
 650 1803 
 615 76 
 78 1524 
 658 862 
 323 1738 
 474 1447 
 98 238 
 108 738 
 562 303 
 657 118 
 96 876 
 311 304 
 502 266 
 543 301 
 152 302 
 231 1361 
 200 122 
 168 932 
 103 1043 
 63 703 
 577 1636 
 61 302 
 662 1668 
 350 303 
 194 1868 
 691 1866 
 252 204 
 678 740 
 248 1046 
 488 1154 
 26 232 
 214 301 
 577 496 
 48 1522 
 200 302 
 353 580 
 216 116 
 528 639 
 578 355 
 722 574 
 473 122 
 675 442 
 64 580 
 567 718 
 122 718 
 281 220 
 372 1360 
 643 744 
 631 116 
 141 929 
 281 744 
 163 1210 
 502 1030 
 507 740 
 722 1881 
 493 744 
 507 1523 
 152 225 
 153 804 
 580 1851 
 527 118 
 53 740 
 59 242 
 216 303 
 673 1113 
 185 738 
 688 302 
 280 738 
 210 946 
 159 1405 
 159 303 
 164 738 
 580 1769 
 54 1779 
 722 1572 
 577 1302 
 121 219 
 580 431 
 241 739 
 722 496 
 200 744 
 577 103 
 662 1298 
 695 1210 
 402 238 
 59 220 
 671 118 
 580 1907 
 136 1010 
 663 1223 
 729 320 
 496 1674 
 328 361 
 200 225 
 337 116 
 493 266 
 155 122 
 311 740 
 64 639 
 58 740 
 678 744 
 181 1522 
 117 1524 
 543 1154 
 100 1044 
 497 413 
 115 751 
 166 862 
 675 685 
 214 1523 
 367 804 
 472 1405 
 675 801 
 236 370 
 140 29 
 58 118 
 252 496 
 244 740 
 580 102 
 580 1303 
 546 862 
 511 122 
 210 431 
 459 386 
 149 238 
 43 734 
 580 1035 
 558 303 
 289 1454 
 711 713 
 675 608 
 280 284 
 198 1799 
 64 266 
 214 115 
 446 115 
 152 549 
 722 801 
 138 143 
 207 1399 
 356 1593 
 58 739 
 200 301 
 643 740 
 684 303 
 412 734 
 308 1523 
 270 1879 
 179 744 
 238 231 
 658 733 
 500 370 
 96 480 
 667 116 
 580 1373 
 131 232 
 675 1141 
 488 1815 
 163 361 
 577 1866 
 244 39 
 643 115 
 280 115 
 667 115 
 722 1721 
 580 105 
 300 1654 
 607 734 
 566 739 
 691 487 
 580 815 
 175 116 
 33 185 
 373 244 
 69 303 
 140 1866 
 675 226 
 63 739 
 108 1677 
 436 1667 
 178 303 
 109 1523 
 655 266 
 318 693 
 607 737 
 396 1046 
 577 877 
 502 185 
 580 887 
 516 1524 
 501 1549 
 502 242 
 473 115 
 275 677 
 263 59 
 265 492 
 335 302 
 720 316 
 64 185 
 516 1473 
 567 116 
 607 302 
 80 733 
 714 244 
 495 718 
 168 220 
 516 734 
 577 1594 
 566 740 
 124 250 
 722 865 
 252 1859 
 210 434 
 270 722 
 186 1522 
 210 1636 
 149 231 
 677 830 
 577 326 
 484 1357 
 200 718 
 188 713 
 140 1553 
 350 744 
 288 219 
 537 1669 
 722 147 
 214 122 
 368 1630 
 252 218 
 580 548 
 726 1548 
 522 1112 
 662 351 
 580 1189 
 560 830 
 513 1667 
 364 303 
 722 1554 
 370 738 
 580 308 
 252 1554 
 117 118 
 677 118 
 722 1657 
 577 1567 
 722 867 
 185 225 
 675 149 
 158 301 
 555 1550 
 200 1046 
 329 1360 
 662 350 
 188 584 
 48 1154 
 227 739 
 140 449 
 134 302 
 580 55 
 140 1035 
 379 1667 
 239 219 
 117 304 
 658 231 
 570 740 
 210 816 
 319 1361 
 562 742 
 140 1034 
 335 184 
 722 1768 
 60 380 
 728 355 
 696 830 
 581 128 
 728 1752 
 531 1046 
 570 115 
 580 121 
 277 115 
 364 738 
 207 1400 
 440 1360 
 104 739 
 722 1335 
 488 735 
 353 302 
 538 1473 
 164 238 
 580 204 
 723 1396 
 580 1898 
 650 4 
 486 1117 
 140 651 
 281 302 
 124 242 
 134 304 
 678 1524 
 122 225 
 63 225 
 580 1156 
 580 1590 
 345 1044 
 567 114 
 722 270 
 402 231 
 64 1673 
 96 801 
 445 231 
 722 1304 
 236 1360 
 722 1302 
 684 738 
 229 242 
 291 736 
 200 220 
 261 740 
 722 359 
 722 70 
 196 122 
 186 1361 
 580 1034 
 140 1629 
 609 804 
 511 1405 
 472 740 
 497 116 
 577 1862 
 684 740 
 291 116 
 96 102 
 490 303 
 216 122 
 96 293 
 445 738 
 488 733 
 482 167 
 189 167 
 524 804 
 580 1741 
 570 302 
 53 1522 
 728 1570 
 185 1184 
 662 343 
 159 1522 
 42 718 
 20 1630 
 395 718 
 675 1636 
 649 235 
 216 1524 
 140 1141 
 64 231 
 580 924 
 136 1914 
 454 751 
 280 250 
 140 28 
 140 854 
 220 323 
 204 637 
 96 555 
 558 301 
 200 830 
 163 1454 
 98 738 
 580 1858 
 691 1553 
 252 1670 
 60 740 
 214 744 
 401 225 
 200 305 
 185 740 
 61 220 
 73 185 
 725 581 
 299 1868 
 694 303 
 493 730 
 244 1524 
 232 231 
 24 118 
 281 734 
 663 298 
 546 1291 
 615 605 
 132 115 
 318 1429 
 558 734 
 252 1297 
 153 926 
 240 1475 
 124 244 
 580 816 
 210 487 
 76 1522 
 280 1524 
 675 574 
 226 751 
 528 315 
 677 1524 
 167 1280 
 146 304 
 731 115 
 207 1450 
 300 740 
 275 250 
 168 231 
 631 1673 
 311 238 
 581 130 
 516 116 
 617 677 
 695 383 
 675 428 
 200 738 
 179 225 
 580 71 
 210 612 
 68 1291 
 429 305 
 146 738 
 662 816 
 99 114 
 401 1522 
 713 115 
 711 1789 
 244 301 
 580 429 
 531 1524 
 360 925 
 270 739 
 531 1522 
 696 1523 
 169 122 
 580 1763 
 140 1463 
 517 1522 
 546 942 
 580 1742 
 609 818 
 101 1360 
 238 225 
 208 1670 
 252 447 
 718 1506 
 418 306 
 328 364 
 400 718 
 140 564 
 58 39 
 479 751 
 479 741 
 580 1904 
 332 117 
 717 225 
 342 122 
 497 118 
 511 116 
 675 449 
 675 851 
 662 1606 
 677 823 
 679 35 
 210 446 
 580 152 
 580 1821 
 113 303 
 136 926 
 169 740 
 200 303 
 122 301 
 104 304 
 543 862 
 232 225 
 64 846 
 236 693 
 660 823 
 26 804 
 684 734 
 496 677 
 140 69 
 731 118 
 722 293 
 140 804 
 101 1871 
 674 305 
 688 238 
 497 1046 
 727 1520 
 647 203 
 140 817 
 547 501 
 96 1706 
 281 1291 
 657 1815 
 405 1361 
 691 887 
 722 1186 
 687 1046 
 319 185 
 686 320 
 502 795 
 722 913 
 580 1567 
 125 1354 
 140 347 
 329 693 
 168 735 
 691 418 
 220 1292 
 252 1141 
 662 492 
 708 1670 
 117 739 
 662 1305 
 679 1861 
 281 830 
 662 1699 
 281 1473 
 148 895 
 358 303 
 488 303 
 580 449 
 459 740 
 691 1901 
 531 718 
 472 122 
 639 744 
 210 887 
 185 380 
 580 1278 
 280 303 
 252 820 
 675 1303 
 148 1777 
 613 361 
 140 427 
 146 733 
 650 686 
 140 1365 
 96 1767 
 207 1449 
 579 736 
 280 1522 
 580 341 
 60 39 
 315 718 
 178 115 
 691 1629 
 353 301 
 104 744 
 281 718 
 580 867 
 227 830 
 96 1793 
 639 303 
 542 1243 
 366 713 
 497 496 
 662 1891 
 580 440 
 502 303 
 504 1212 
 502 1524 
 192 39 
 675 1254 
 580 18 
 715 244 
 187 231 
 675 1302 
 96 1138 
 558 744 
 227 225 
 524 894 
 211 380 
 627 1526 
 210 117 
 617 693 
 117 744 
 210 270 
 210 1581 
 529 738 
 140 1396 
 91 830 
 580 28 
 147 122 
 140 431 
 449 1807 
 288 39 
 488 220 
 502 1522 
 484 1355 
 492 804 
 278 1583 
 186 231 
 48 1807 
 580 1810 
 675 431 
 213 707 
 577 1824 
 662 1417 
 402 740 
 276 735 
 187 219 
 175 839 
 353 718 
 337 738 
 496 301 
 502 1044 
 185 925 
 252 1879 
 423 1522 
 447 1667 
 297 1046 
 496 898 
 69 733 
 210 851 
 609 785 
 546 115 
 577 888 
 731 302 
 728 1636 
 578 1570 
 115 182 
 411 733 
 577 293 
 232 733 
 536 242 
 580 1137 
 580 903 
 580 92 
 494 1779 
 695 384 
 516 225 
 579 740 
 422 1075 
 634 714 
 140 1292 
 379 1668 
 580 865 
 579 1405 
 241 39 
 140 326 
 722 1911 
 291 231 
 300 302 
 726 1417 
 577 350 
 281 496 
 38 238 
 110 219 
 672 1807 
 210 69 
 731 738 
 677 735 
 96 431 
 264 460 
 76 238 
 675 28 
 691 1497 
 343 792 
 252 1299 
 485 286 
 64 250 
 405 1630 
 261 231 
 372 1361 
 728 354 
 80 302 
 507 301 
 120 639 
 238 301 
 590 1668 
 722 1303 
 240 1186 
 487 804 
 423 1573 
 181 830 
 543 302 
 502 250 
 210 1305 
 280 1043 
 488 738 
 675 1364 
 20 713 
 305 278 
 580 427 
 164 302 
 210 449 
 280 225 
 639 733 
 244 830 
 140 99 
 96 1305 
 281 219 
 99 225 
 435 733 
 728 1548 
 580 574 
 140 1305 
 650 1701 
 275 255 
 529 740 
 577 1124 
 59 305 
 474 751 
 675 69 
 113 225 
 59 740 
 54 1112 
 291 305 
 545 250 
 577 1832 
 400 301 
 101 785 
 566 116 
 368 1667 
 722 1855 
 426 1397 
 722 1706 
 474 1446 
 152 303 
 63 366 
 679 167 
 722 1257 
 173 1361 
 510 1868 
 726 426 
 569 602 
 662 326 
 192 303 
 99 220 
 200 115 
 58 238 
 580 1786 
 148 1668 
 261 118 
 5 1051 
 210 343 
 580 800 
 722 641 
 76 225 
 159 225 
 675 555 
 393 1353 
 728 1299 
 96 340 
 413 1046 
 117 39 
 159 830 
 438 609 
 550 1524 
 516 740 
 484 1530 
 37 751 
 577 341 
 214 733 
 675 492 
 662 1141 
 532 639 
 689 138 
 227 238 
 379 1669 
 691 1391 
 527 116 
 580 348 
 350 1654 
 353 225 
 718 1537 
 722 1897 
 151 1509 
 730 830 
 277 301 
 342 118 
 579 733 
 577 1396 
 276 736 
 181 733 
 152 115 
 395 116 
 23 125 
 265 851 
 510 1527 
 728 801 
 158 744 
 691 901 
 261 581 
 387 718 
 138 39 
 570 118 
 152 122 
 169 744 
 577 204 
 722 55 
 64 1043 
 253 1673 
 299 1776 
 728 608 
 271 1524 
 276 734 
 163 1914 
 354 1153 
 675 203 
 418 278 
 214 302 
 577 203 
 67 1029 
 497 225 
 216 718 
 140 340 
 98 734 
 691 1581 
 303 1524 
 454 1619 
 181 116 
 350 156 
 98 733 
 15 361 
 358 39 
 236 1361 
 358 830 
 354 363 
 64 182 
 71 1669 
 578 1172 
 639 220 
 210 1706 
 103 1046 
 350 231 
 675 1491 
 210 915 
 99 739 
 675 489 
 300 304 
 495 830 
 353 1154 
 200 1522 
 509 469 
 430 925 
 564 677 
 80 115 
 321 1243 
 318 739 
 227 1524 
 303 639 
 220 1243 
 580 630 
 276 738 
 186 1524 
 210 1752 
 570 1524 
 178 118 
 511 740 
 675 950 
 613 225 
 334 1399 
 229 1524 
 121 231 
 261 1523 
 511 115 
 520 231 
 580 22 
 360 39 
 463 386 
 214 1522 
 675 612 
 511 238 
 188 602 
 472 739 
 231 1360 
 291 739 
 37 804 
 30 244 
 662 204 
 134 1668 
 140 888 
 422 1109 
 140 612 
 140 1568 
 463 1868 
 96 343 
 401 738 
 395 301 
 224 318 
 297 1044 
 84 804 
 63 363 
 429 677 
 252 492 
 117 733 
 622 501 
 580 343 
 281 1523 
 643 225 
 580 1743 
 96 270 
 580 395 
 577 1750 
 223 1007 
 192 302 
 226 466 
 7 492 
 60 116 
 421 669 
 353 231 
 321 804 
 104 115 
 566 219 
 328 1573 
 684 116 
 691 801 
 238 744 
 546 1010 
 580 215 
 296 225 
 99 1522 
 404 244 
 224 320 
 186 1670 
 722 854 
 657 1672 
 214 118 
 244 733 
 617 898 
 303 804 
 313 118 
 140 209 
 121 242 
 662 1035 
 368 1668 
 511 303 
 531 225 
 96 351 
 164 301 
 482 1807 
 395 740 
 459 385 
 447 1669 
 577 876 
 187 225 
 178 76 
 152 718 
 728 212 
 546 740 
 580 334 
 313 122 
 252 1396 
 657 1522 
 472 1522 
 344 806 
 722 1420 
 475 1522 
 483 115 
 646 895 
 216 1523 
 366 1175 
 239 1523 
 210 52 
 63 231 
 562 225 
 543 744 
 493 1524 
 121 238 
 64 1044 
 493 242 
 670 1268 
 136 1677 
 667 231 
 691 482 
 675 1091 
 691 1430 
 580 1847 
 662 487 
 158 830 
 662 854 
 577 69 
 431 1360 
 687 1043 
 196 244 
 99 740 
 337 744 
 354 488 
 675 1641 
 580 1852 
 580 1284 
 527 303 
 96 1901 
 580 1721 
 20 765 
 288 225 
 138 761 
 688 744 
 104 733 
 577 426 
 566 244 
 232 219 
 148 1212 
 234 739 
 580 1270 
 675 1606 
 566 1524 
 63 302 
 200 1589 
 358 677 
 371 1670 
 290 1670 
 580 1859 
 537 1667 
 418 602 
 472 115 
 380 741 
 566 305 
 369 81 
 24 116 
 311 1243 
 371 1669 
 681 298 
 401 744 
 281 1524 
 566 830 
 149 734 
 240 890 
 140 1291 
 210 442 
 297 1154 
 169 1523 
 726 29 
 96 1858 
 42 1524 
 579 304 
 364 733 
 675 1086 
 691 1665 
 692 955 
 63 1044 
 271 302 
 159 122 
 354 639 
 384 572 
 715 242 
 580 1908 
 96 1417 
 722 1391 
 566 242 
 659 118 
 275 231 
 722 816 
 291 115 
 96 70 
 280 1583 
 580 612 
 140 426 
 229 1526 
 291 496 
 319 677 
 169 225 
 504 1777 
 477 59 
 657 301 
 288 718 
 579 718 
 238 305 
 96 1751 
 311 718 
 670 1274 
 402 734 
 482 1662 
 289 719 
 657 740 
 311 219 
 319 804 
 696 738 
 551 719 
 187 238 
 144 500 
 192 733 
 288 739 
 580 1126 
 63 1522 
 401 115 
 580 830 
 61 238 
 580 1641 
 281 1522 
 458 231 
 261 115 
 161 1360 
 151 1817 
 29 1524 
 340 1667 
 558 739 
 567 738 
 98 301 
 472 118 
 511 739 
 238 244 
 488 744 
 531 739 
 507 303 
 337 122 
 502 182 
 69 302 
 543 734 
 315 1534 
 529 830 
 152 739 
 58 1522 
 42 739 
 300 225 
 313 116 
 677 303 
 76 744 
 400 738 
 319 203 
 263 1154 
 529 1522 
 580 1442 
 61 303 
 131 816 
 445 740 
 80 225 
 140 1060 
 481 822 
 244 739 
 210 346 
 662 103 
 678 303 
 414 734 
 121 301 
 134 830 
 714 738 
 134 1667 
 440 785 
 281 1167 
 96 345 
 730 66 
 547 500 
 558 733 
 673 1114 
 318 1448 
 152 301 
 613 238 
 42 830 
 273 822 
 96 212 
 675 340 
 289 751 
 393 572 
 364 238 
 414 735 
 580 447 
 459 830 
 662 1033 
 358 231 
 675 1391 
 722 1426 
 691 1759 
 333 225 
 473 718 
 96 1859 
 577 21 
 60 737 
 675 426 
 688 304 
 580 226 
 678 1405 
 117 703 
 488 839 
 580 434 
 496 839 
 58 231 
 558 740 
 677 1154 
 261 225 
 537 1668 
 722 1723 
 281 1673 
 613 639 
 675 103 
 486 702 
 691 1364 
 311 735 
 722 209 
 169 118 
 236 786 
 38 39 
 129 744 
 384 655 
 289 942 
 164 122 
 104 734 
 708 1667 
 350 1822 
 117 238 
 502 932 
 657 1814 
 507 225 
 178 739 
 529 250 
 496 1635 
 669 848 
 221 925 
 126 116 
 429 956 
 637 1194 
 233 1522 
 577 1091 
 493 1523 
 216 1573 
 691 442 
 578 1852 
 395 115 
 396 830 
 502 301 
 210 555 
 511 1524 
 96 1665 
 675 1156 
 401 303 
 39 1399 
 471 500 
 60 225 
 333 238 
 400 677 
 365 932 
 181 738 
 507 744 
 132 116 
 284 326 
 281 305 
 495 1523 
 140 352 
 678 736 
 722 69 
 662 830 
 579 735 
 493 1046 
 527 122 
 558 718 
 353 238 
 227 118 
 464 830 
 435 735 
 199 1361 
 297 1043 
 401 116 
 580 641 
 613 738 
 343 182 
 564 1495 
 58 225 
 290 609 
 493 185 
 414 242 
 580 1555 
 20 380 
 580 1497 
 370 244 
 567 122 
 210 641 
 249 244 
 59 303 
 562 740 
 722 1193 
 482 532 
 166 1807 
 281 304 
 724 115 
 577 351 
 238 238 
 684 225 
 502 39 
 38 231 
 658 1045 
 277 116 
 164 303 
 17 703 
 580 854 
 261 1405 
 196 116 
 495 739 
 288 740 
 577 1138 
 429 719 
 13 488 
 658 739 
 490 118 
 691 877 
 691 21 
 502 1583 
 340 1668 
 101 804 
 413 1044 
 246 622 
 187 220 
 354 301 
 261 1583 
 677 225 
 447 1670 
 546 804 
 675 343 
 657 1043 
 699 1524 
 675 1193 
 578 323 
 400 733 
 369 1109 
 350 1635 
 109 1576 
 63 1360 
 319 1524 
 507 830 
 280 323 
 300 739 
 564 719 
 400 116 
 545 242 
 546 1243 
 364 220 
 580 1752 
 459 1209 
 472 1311 
 642 303 
 42 39 
 580 1305 
 239 928 
 558 735 
 252 1243 
 580 479 
 300 305 
 412 740 
 291 733 
 691 1634 
 364 744 
 227 718 
 607 238 
 241 244 
 429 302 
 728 1665 
 570 231 
 299 1360 
 109 1573 
 59 231 
 566 231 
 691 555 
 490 677 
 722 439 
 96 350 
 580 801 
 370 1010 
 715 250 
 213 744 
 96 356 
 543 231 
 129 238 
 501 581 
 691 1568 
 16 925 
 377 1533 
 105 244 
 400 744 
 488 1043 
 61 733 
 667 1523 
 722 1638 
 696 225 
 59 1589 
 140 1852 
 273 225 
 39 1401 
 319 323 
 529 1473 
 141 1883 
 163 115 
 270 363 
 579 305 
 493 301 
 127 1010 
 131 751 
 577 1881 
 311 39 
 580 1190 
 353 738 
 711 730 
 351 894 
 141 1668 
 473 118 
 722 612 
 153 363 
 64 115 
 350 123 
 214 830 
 169 718 
 300 498 
 284 651 
 329 1361 
 142 1807 
 354 1044 
 577 1060 
 658 304 
 261 1524 
 76 231 
 662 203 
 484 572 
 140 1598 
 692 738 
 63 1879 
 731 303 
 140 1554 
 68 609 
 156 501 
 155 718 
 662 1124 
 117 220 
 273 740 
 318 1291 
 577 428 
 140 18 
 273 1154 
 132 122 
 280 301 
 546 496 
 580 1060 
 658 303 
 504 895 
 280 302 
 299 1361 
 239 740 
 240 894 
 658 738 
 64 244 
 429 955 
 158 738 
 667 735 
 146 302 
 580 1855 
 22 733 
 580 99 
 65 1670 
 252 888 
 288 830 
 488 302 
 657 302 
 675 1035 
 667 39 
 96 108 
 661 733 
 144 504 
 300 693 
 300 303 
 658 1589 
 236 1776 
 488 718 
 28 184 
 367 639 
 577 1700 
 421 862 
 577 685 
 152 740 
 550 242 
 401 740 
 531 238 
 280 1523 
 579 301 
 176 1360 
 675 482 
 241 250 
 556 637 
 497 354 
 253 1154 
 140 851 
 59 118 
 577 1759 
 185 1183 
 300 219 
 507 242 
 426 925 
 60 231 
 502 830 
 667 1522 
 127 739 
 121 250 
 192 738 
 488 304 
 374 1252 
 200 737 
 400 225 
 579 116 
 464 1673 
 493 115 
 280 867 
 577 914 
 104 303 
 350 1210 
 185 703 
 400 122 
 169 115 
 652 1210 
 497 301 
 64 744 
 58 122 
 663 397 
 210 1763 
 140 1124 
 517 130 
 20 484 
 335 549 
 140 1750 
 271 238 
 319 1429 
 113 737 
 527 225 
 675 336 
 73 182 
 631 118 
 156 500 
 210 1852 
 689 1519 
 650 75 
 311 738 
 691 922 
 580 270 
 140 1301 
 169 738 
 64 116 
 731 301 
 96 442 
 558 305 
 273 739 
 350 1523 
 181 225 
 675 1678 
 662 867 
 125 1353 
 580 439 
 691 1306 
 402 738 
 155 738 
 140 1721 
 227 1522 
 577 355 
 401 231 
 458 225 
 291 301 
 159 735 
 722 341 
 169 1243 
 497 115 
 158 118 
 240 1180 
 516 1522 
 691 867 
 580 1259 
 280 66 
 261 1522 
 684 244 
 380 1243 
 227 302 
 115 830 
 210 1417 
 155 118 
 281 118 
 210 1254 
 261 830 
 324 1670 
 175 823 
 662 1593 
 577 1303 
 678 122 
 229 244 
 453 306 
 540 371 
 702 220 
 531 703 
 459 738 
 60 744 
 578 356 
 61 305 
 168 1243 
 351 804 
 472 301 
 158 116 
 271 39 
 702 231 
 196 115 
 580 1535 
 728 308 
 234 1361 
 60 739 
 358 1522 
 76 122 
 96 1300 
 328 639 
 117 225 
 667 718 
 135 1397 
 497 739 
 356 1154 
 158 302 
 369 1779 
 479 738 
 210 1606 
 59 738 
 496 1654 
 23 128 
 126 118 
 140 1606 
 543 740 
 658 830 
 691 492 
 366 238 
 76 718 
 117 740 
 400 713 
 609 1533 
 691 1881 
 140 102 
 361 1046 
 34 128 
 580 419 
 691 448 
 702 225 
 728 492 
 344 469 
 580 1069 
 117 734 
 691 923 
 650 315 
 61 740 
 429 1523 
 216 744 
 513 1668 
 353 66 
 120 1524 
 234 1668 
 281 303 
 96 449 
 691 1862 
 731 741 
 64 1914 
 722 1034 
 675 52 
 98 740 
 564 323 
 122 220 
 471 502 
 662 685 
 104 302 
 152 830 
 169 1524 
 678 1522 
 566 1274 
 507 1522 
 239 220 
 96 685 
 318 1450 
 104 741 
 288 738 
 579 739 
 158 231 
 210 149 
 154 231 
 658 718 
 244 302 
 497 830 
 675 1706 
 63 185 
 358 244 
 580 1638 
 511 39 
 463 785 
 577 1004 
 466 739 
 59 304 
 675 1767 
 423 361 
 591 1868 
 271 301 
 76 740 
 641 303 
 319 740 
 22 1522 
 175 830 
 722 1769 
 675 915 
 164 739 
 353 744 
 64 730 
 311 303 
 347 1522 
 695 388 
 580 1441 
 531 231 
 411 735 
 58 738 
 613 1523 
 702 184 
 580 1279 
 109 1524 
 404 830 
 343 793 
 76 302 
 61 225 
 78 740 
 580 905 
 490 738 
 284 449 
 210 913 
 327 895 
 121 303 
 78 116 
 691 434 
 570 116 
 140 103 
 507 1524 
 311 739 
 395 739 
 222 1871 
 140 608 
 354 1046 
 691 449 
 511 744 
 667 304 
 495 116 
 364 830 
 178 1522 
 479 740 
 252 69 
 61 219 
 502 304 
 457 1473 
 210 355 
 244 225 
 319 225 
 577 419 
 261 738 
 691 102 
 662 1669 
 289 804 
 493 302 
 350 380 
 186 1523 
 398 1534 
 699 1522 
 490 122 
 320 1524 
 454 1879 
 350 1044 
 577 1298 
 531 1534 
 42 220 
 728 1270 
 340 1670 
 20 730 
 546 1167 
 275 301 
 577 492 
 457 115 
 64 304 
 356 1044 
 11 819 
 667 225 
 580 1751 
 96 888 
 731 733 
 252 431 
 350 730 
 490 225 
 117 830 
 528 751 
 98 399 
 26 1331 
 504 1668 
 722 492 
 216 304 
 657 231 
 570 830 
 17 895 
 210 1086 
 117 736 
 70 1674 
 688 303 
 342 116 
 140 1593 
 334 1401 
 76 738 
 691 854 
 210 1279 
 214 116 
 99 1417 
 358 1524 
 281 301 
 488 740 
 291 738 
 577 817 
 179 738 
 146 39 
 300 238 
 311 225 
 723 1665 
 140 1150 
 35 1113 
 556 1673 
 140 447 
 311 743 
 691 1572 
 250 830 
 675 1665 
 482 1693 
 278 1584 
 168 219 
 566 302 
 684 744 
 58 1523 
 252 738 
 117 305 
 722 650 
 99 1473 
 140 487 
 178 496 
 185 363 
 96 867 
 493 116 
 328 1524 
 345 1154 
 493 739 
 684 1523 
 529 39 
 580 69 
 728 1300 
 691 69 
 181 737 
 210 356 
 580 915 
 140 743 
 7 750 
 252 487 
 497 1154 
 72 1620 
 717 238 
 660 830 
 695 1209 
 104 301 
 577 212 
 531 830 
 511 231 
 64 1522 
 580 1004 
 400 740 
 580 1282 
 35 830 
 455 1868 
 691 1678 
 207 1448 
 453 318 
 380 1534 
 367 783 
 675 208 
 210 1638 
 702 238 
 402 219 
 364 116 
 654 361 
 479 742 
 332 59 
 261 303 
 490 1311 
 613 1046 
 129 220 
 497 122 
 70 1673 
 168 304 
 26 1340 
 210 1300 
 96 887 
 517 1524 
 395 738 
 192 830 
 722 1273 
 168 1532 
 261 1560 
 403 1667 
 76 301 
 505 929 
 163 719 
 713 116 
 694 302 
 30 250 
 127 1473 
 464 1674 
 662 1297 
 140 1138 
 252 1124 
 229 739 
 472 302 
 493 225 
 100 1043 
 558 116 
 566 1522 
 722 1441 
 300 301 
 546 602 
 16 531 
 662 1126 
 443 59 
 502 740 
 401 489 
 252 1300 
 579 1524 
 691 1531 
 99 830 
 311 231 
 395 122 
 591 1280 
 580 914 
 72 804 
 96 323 
 713 718 
 168 733 
 178 238 
 281 735 
 546 1620 
 117 741 
 288 733 
 327 894 
 527 718 
 270 1524 
 516 830 
 662 349 
 210 1786 
 455 1668 
 167 295 
 516 1532 
 18 702 
 139 1522 
 488 693 
 319 730 
 99 122 
 429 549 
 206 242 
 580 1884 
 99 744 
 580 1491 
 577 345 
 558 1522 
 140 20 
 488 116 
 24 115 
 664 1817 
 164 231 
 580 428 
 149 735 
 414 567 
 691 52 
 140 1793 
 577 102 
 677 220 
 507 302 
 220 1807 
 577 340 
 657 738 
 185 66 
 60 238 
 678 739 
 578 1163 
 281 225 
 163 284 
 96 564 
 490 925 
 577 1141 
 104 738 
 580 1091 
 420 718 
 722 334 
 289 1154 
 725 1554 
 280 304 
 420 751 
 696 739 
 531 1044 
 138 144 
 691 429 
 722 1156 
 216 740 
 158 1523 
 280 361 
 684 736 
 502 115 
 236 1630 
 529 244 
 15 380 
 675 347 
 154 225 
 194 1280 
 216 1576 
 531 303 
 580 214 
 401 118 
 163 1605 
 652 1669 
 723 851 
 280 39 
 138 1533 
 335 301 
 658 751 
 580 555 
 386 1355 
 674 301 
 135 925 
 350 677 
 558 830 
 639 304 
 196 830 
 580 1365 
 400 303 
 138 1532 
 353 118 
 229 740 
 96 1491 
 233 39 
 393 1357 
 151 1369 
 558 220 
 179 231 
 238 220 
 17 1654 
 341 118 
 580 62 
 607 739 
 580 1676 
 475 496 
 83 460 
 252 1524 
 158 739 
 613 1044 
 210 1570 
 570 301 
 140 1786 
 728 203 
 341 115 
 580 1033 
 580 1443 
 121 531 
 29 1522 
 502 118 
 140 1548 
 169 303 
 423 363 
 337 740 
 728 356 
 290 1668 
 177 581 
 192 740 
 60 734 
 281 736 
 577 1364 
 570 225 
 631 115 
 186 1360 
 466 116 
 210 1299 
 580 446 
 96 28 
 181 740 
 577 487 
 117 301 
 580 1724 
 356 739 
 241 242 
 591 584 
 169 116 
 166 739 
 148 1401 
 364 740 
 340 719 
 220 76 
 59 718 
 558 743 
 531 740 
 335 677 
 722 269 
