 577 487 
 722 1262 
 691 448 
 405 280 
 577 1270 
 281 1473 
 113 744 
 214 231 
 725 1554 
 308 301 
 662 867 
 64 738 
 730 636 
 580 1305 
 691 447 
 731 116 
 364 220 
 239 238 
 693 1570 
 140 1301 
 335 301 
 148 1209 
 168 231 
 260 219 
 401 489 
 516 1523 
 566 830 
 617 693 
 158 1524 
 273 1154 
 682 1522 
 61 735 
 327 441 
 260 225 
 234 739 
 387 220 
 580 1741 
 504 895 
 158 1523 
 693 555 
 96 355 
 400 677 
 697 733 
 684 1589 
 64 266 
 580 685 
 121 1523 
 185 302 
 693 1748 
 169 1522 
 76 301 
 689 1519 
 113 736 
 115 581 
 693 1068 
 497 739 
 159 122 
 639 740 
 296 220 
 545 242 
 463 386 
 220 1292 
 30 250 
 657 1044 
 271 304 
 261 496 
 140 1721 
 419 741 
 210 1060 
 515 220 
 722 817 
 658 581 
 19 39 
 321 1534 
 185 361 
 580 1858 
 210 428 
 466 118 
 529 1473 
 29 1524 
 405 1291 
 666 1522 
 78 738 
 401 1522 
 115 751 
 61 738 
 289 1154 
 693 351 
 546 898 
 101 1868 
 579 736 
 143 501 
 57 677 
 152 115 
 562 225 
 400 744 
 76 1523 
 558 115 
 731 741 
 318 1291 
 694 303 
 662 1107 
 134 302 
 252 1243 
 127 1473 
 693 1441 
 321 925 
 418 59 
 367 926 
 479 735 
 533 302 
 96 1881 
 516 116 
 158 744 
 222 1360 
 393 1353 
 353 1705 
 98 733 
 216 118 
 261 1154 
 678 733 
 580 348 
 356 1044 
 140 685 
 493 738 
 321 1243 
 265 492 
 412 738 
 121 302 
 186 1360 
 418 862 
 43 737 
 261 118 
 359 804 
 577 1210 
 169 1311 
 138 804 
 61 219 
 684 736 
 722 216 
 693 630 
 529 830 
 239 225 
 140 426 
 664 1509 
 227 1046 
 691 449 
 675 801 
 35 1121 
 650 1740 
 276 734 
 531 231 
 182 743 
 238 734 
 179 1524 
 671 118 
 353 733 
 276 741 
 61 225 
 254 744 
 64 185 
 413 1046 
 200 122 
 662 888 
 691 419 
 497 39 
 546 1590 
 324 1668 
 580 99 
 276 733 
 545 250 
 53 1524 
 321 1778 
 693 1898 
 163 1448 
 193 1817 
 80 115 
 401 740 
 85 1046 
 577 1901 
 332 693 
 693 1033 
 329 280 
 401 114 
 691 1901 
 96 1723 
 303 804 
 580 887 
 472 225 
 276 743 
 252 1581 
 693 529 
 487 804 
 311 581 
 360 1397 
 612 718 
 691 1138 
 580 1535 
 675 446 
 284 326 
 577 851 
 675 1295 
 520 219 
 7 750 
 580 1748 
 580 1126 
 643 122 
 691 1364 
 657 1522 
 154 1523 
 96 1793 
 281 830 
 138 850 
 714 250 
 252 345 
 429 184 
 577 340 
 199 1361 
 662 608 
 169 1523 
 231 1361 
 72 830 
 675 28 
 319 225 
 422 1075 
 281 1522 
 140 1126 
 418 278 
 64 1154 
 639 733 
 613 738 
 369 81 
 494 830 
 178 1523 
 280 242 
 578 354 
 20 484 
 577 1594 
 63 225 
 662 1606 
 354 639 
 63 1043 
 511 303 
 691 1866 
 675 851 
 391 1532 
 122 225 
 300 830 
 104 549 
 229 719 
 722 816 
 168 733 
 691 442 
 691 1638 
 64 250 
 366 231 
 345 1044 
 510 1871 
 722 147 
 103 1044 
 693 576 
 328 703 
 354 1044 
 168 739 
 200 220 
 368 1668 
 55 580 
 622 500 
 387 734 
 30 244 
 691 69 
 459 1523 
 181 1029 
 252 1524 
 408 1360 
 200 231 
 654 804 
 490 115 
 429 301 
 657 718 
 70 1674 
 78 1523 
 377 929 
 578 1305 
 210 564 
 533 219 
 402 733 
 368 1630 
 693 55 
 140 347 
 447 1670 
 631 116 
 580 105 
 728 1570 
 252 1904 
 540 371 
 48 1523 
 636 301 
 488 231 
 675 226 
 353 66 
 145 238 
 529 1523 
 578 1793 
 677 823 
 280 496 
 675 1126 
 693 1086 
 294 1669 
 185 301 
 401 238 
 691 1300 
 358 496 
 58 122 
 650 1281 
 59 1524 
 577 1881 
 261 304 
 90 1448 
 275 250 
 468 677 
 577 447 
 564 496 
 494 804 
 662 492 
 353 225 
 149 735 
 145 738 
 258 414 
 564 719 
 140 1548 
 496 839 
 580 548 
 684 740 
 365 932 
 402 739 
 675 346 
 179 39 
 200 733 
 271 830 
 691 1306 
 96 1751 
 249 250 
 662 1665 
 271 718 
 239 244 
 182 1405 
 335 305 
 502 225 
 207 1399 
 159 118 
 693 1700 
 692 956 
 579 735 
 693 574 
 578 1901 
 688 735 
 427 303 
 688 302 
 675 1302 
 577 1763 
 113 302 
 527 1523 
 103 830 
 299 1776 
 140 804 
 454 1879 
 693 1657 
 580 1364 
 104 118 
 694 302 
 580 1752 
 577 1638 
 261 238 
 580 799 
 693 1304 
 300 231 
 252 1035 
 693 419 
 146 303 
 152 238 
 609 338 
 450 804 
 693 105 
 337 115 
 400 118 
 693 1365 
 664 1817 
 396 1044 
 577 1597 
 178 1043 
 369 75 
 678 225 
 311 739 
 131 1736 
 663 1223 
 677 225 
 185 1044 
 691 1101 
 300 302 
 330 1360 
 387 718 
 229 733 
 577 1661 
 319 1064 
 577 1548 
 731 301 
 580 97 
 299 386 
 507 1522 
 121 242 
 579 743 
 108 1677 
 147 122 
 232 219 
 426 925 
 238 244 
 643 740 
 131 232 
 607 740 
 323 1738 
 281 302 
 643 116 
 59 1589 
 85 1043 
 542 1243 
 497 231 
 529 244 
 238 301 
 684 735 
 252 1859 
 352 502 
 533 231 
 80 733 
 423 1524 
 580 1767 
 546 1495 
 564 867 
 185 231 
 169 733 
 464 830 
 675 1678 
 558 739 
 280 744 
 42 738 
 380 830 
 261 581 
 543 738 
 674 303 
 358 1523 
 281 1167 
 511 739 
 280 323 
 580 1907 
 159 735 
 642 302 
 527 740 
 59 744 
 675 449 
 675 103 
 321 928 
 42 39 
 316 894 
 488 738 
 695 1209 
 723 1396 
 677 302 
 693 1724 
 98 740 
 356 1524 
 546 719 
 425 956 
 330 1361 
 463 1868 
 59 238 
 264 1639 
 127 830 
 216 744 
 708 1669 
 675 888 
 658 242 
 214 739 
 152 116 
 567 116 
 241 39 
 611 1397 
 52 363 
 280 363 
 216 231 
 387 1523 
 345 1154 
 96 351 
 650 75 
 728 1665 
 577 914 
 684 1523 
 551 1280 
 421 669 
 580 55 
 99 115 
 671 303 
 691 102 
 101 112 
 543 739 
 387 39 
 401 118 
 101 785 
 22 1522 
 404 244 
 311 305 
 140 102 
 533 238 
 175 1397 
 516 220 
 684 303 
 657 1043 
 289 751 
 173 386 
 191 244 
 358 1524 
 485 1522 
 210 270 
 502 302 
 445 738 
 17 1599 
 20 1630 
 667 303 
 96 1305 
 163 1210 
 580 1911 
 497 738 
 200 734 
 140 744 
 580 1629 
 129 1674 
 577 1528 
 163 1454 
 429 302 
 675 1086 
 318 1449 
 204 1524 
 210 913 
 210 1852 
 236 1361 
 529 242 
 731 738 
 289 1448 
 104 830 
 155 740 
 352 501 
 495 231 
 23 128 
 96 99 
 121 301 
 185 238 
 140 739 
 122 302 
 96 1299 
 252 854 
 126 115 
 675 428 
 350 302 
 261 39 
 395 303 
 301 122 
 24 118 
 662 1891 
 414 567 
 290 1670 
 722 1904 
 558 1522 
 580 1091 
 63 1046 
 182 219 
 210 442 
 175 116 
 722 1884 
 675 1593 
 395 231 
 531 738 
 311 231 
 280 122 
 580 1847 
 488 116 
 675 52 
 41 1534 
 152 122 
 60 303 
 271 733 
 296 225 
 301 39 
 140 1292 
 60 380 
 211 1360 
 728 1901 
 117 740 
 254 225 
 291 738 
 67 242 
 339 925 
 109 1523 
 490 116 
 422 1386 
 216 115 
 250 830 
 675 212 
 121 693 
 319 739 
 578 356 
 477 702 
 571 1473 
 530 1046 
 728 608 
 578 1570 
 117 115 
 181 733 
 210 208 
 216 301 
 178 118 
 558 1589 
 675 492 
 577 1793 
 99 118 
 140 492 
 580 439 
 566 231 
 291 301 
 436 1667 
 276 736 
 291 225 
 173 1360 
 722 1186 
 192 39 
 472 740 
 579 718 
 497 1522 
 662 1300 
 515 1524 
 515 804 
 516 740 
 140 1750 
 678 231 
 96 449 
 175 1534 
 220 1348 
 693 685 
 691 1763 
 722 1257 
 146 733 
 580 440 
 661 733 
 458 894 
 64 304 
 404 830 
 244 302 
 149 302 
 176 1360 
 488 118 
 684 219 
 367 639 
 140 103 
 691 1786 
 543 1154 
 693 1606 
 507 250 
 98 302 
 449 1852 
 38 231 
 701 639 
 178 203 
 155 115 
 675 149 
 42 115 
 577 1598 
 507 238 
 222 1361 
 266 830 
 59 244 
 356 718 
 580 1300 
 288 39 
 675 1641 
 466 739 
 675 1891 
 138 39 
 46 244 
 613 238 
 643 225 
 722 482 
 140 1141 
 562 302 
 350 380 
 117 122 
 693 1566 
 502 250 
 445 225 
 464 1674 
 577 1585 
 546 830 
 7 492 
 163 496 
 115 182 
 699 1524 
 350 1635 
 319 925 
 564 301 
 227 303 
 693 950 
 675 354 
 104 305 
 186 1361 
 661 830 
 670 1273 
 121 238 
 722 1005 
 214 1524 
 360 830 
 121 303 
 580 209 
 551 268 
 722 1638 
 64 1043 
 158 738 
 533 744 
 543 735 
 307 1102 
 214 733 
 570 238 
 418 1212 
 5 1051 
 167 1280 
 482 1693 
 543 693 
 398 231 
 675 529 
 348 1670 
 254 1046 
 482 412 
 63 118 
 281 301 
 459 1212 
 24 115 
 341 122 
 511 580 
 639 238 
 675 69 
 712 1362 
 580 1034 
 398 1534 
 24 116 
 353 1154 
 447 1667 
 399 1354 
 140 431 
 691 1699 
 414 244 
 685 1670 
 182 115 
 210 1858 
 580 1711 
 140 1847 
 275 242 
 356 39 
 64 822 
 164 301 
 713 718 
 684 231 
 186 231 
 366 488 
 33 925 
 402 734 
 580 1823 
 678 739 
 569 59 
 101 484 
 658 238 
 693 1497 
 319 1291 
 693 1907 
 577 854 
 533 304 
 675 343 
 722 1898 
 675 447 
 185 225 
 678 220 
 538 830 
 423 363 
 181 739 
 693 1069 
 147 116 
 300 238 
 511 740 
 85 1044 
 240 1180 
 605 895 
 168 830 
 252 431 
 400 122 
 693 442 
 652 1210 
 693 1270 
 493 1583 
 691 876 
 693 1307 
 284 651 
 60 737 
 678 122 
 117 736 
 319 361 
 154 231 
 337 39 
 496 301 
 730 39 
 497 225 
 58 238 
 684 302 
 140 1124 
 214 740 
 169 830 
 463 785 
 662 350 
 722 1665 
 577 1364 
 466 830 
 210 867 
 400 303 
 577 1832 
 580 103 
 350 677 
 697 220 
 722 1554 
 387 1522 
 426 1397 
 657 39 
 488 238 
 291 736 
 726 447 
 120 804 
 19 1523 
 569 1630 
 145 118 
 691 28 
 474 580 
 72 703 
 422 301 
 261 1044 
 330 1776 
 229 1526 
 268 39 
 430 925 
 468 244 
 592 1868 
 528 315 
 108 738 
 96 28 
 722 1724 
 488 304 
 236 785 
 693 1553 
 58 744 
 658 734 
 64 231 
 96 685 
 479 739 
 273 1532 
 210 492 
 507 301 
 182 1311 
 693 1593 
 140 496 
 717 225 
 210 1254 
 321 804 
 577 1678 
 311 734 
 702 225 
 201 738 
 59 718 
 654 363 
 229 1473 
 693 1391 
 496 966 
 691 1391 
 580 472 
 346 1361 
 364 489 
 691 1124 
 271 220 
 580 1590 
 163 580 
 282 249 
 693 913 
 96 293 
 210 608 
 402 225 
 140 345 
 381 500 
 236 1343 
 533 225 
 270 739 
 495 122 
 140 1568 
 722 69 
 214 225 
 607 1524 
 533 733 
 727 1520 
 529 744 
 722 1881 
 697 225 
 145 740 
 693 1678 
 725 851 
 280 304 
 60 738 
 566 116 
 182 304 
 402 736 
 297 1154 
 61 301 
 356 830 
 179 738 
 300 735 
 580 1137 
 289 1654 
 611 925 
 353 740 
 675 1759 
 502 303 
 580 905 
 613 118 
 185 738 
 179 740 
 229 735 
 182 1532 
 169 718 
 64 1523 
 182 231 
 688 303 
 96 608 
 667 304 
 580 1150 
 684 115 
 281 115 
 335 677 
 722 1420 
 159 738 
 401 301 
 570 744 
 96 1300 
 579 225 
 23 130 
 558 718 
 301 118 
 693 1908 
 675 1193 
 679 167 
 210 1124 
 497 413 
 140 888 
 722 865 
 186 1522 
 722 1725 
 657 167 
 168 738 
 580 135 
 64 862 
 662 1678 
 580 1725 
 64 302 
 662 347 
 691 1593 
 250 709 
 591 1280 
 59 740 
 34 128 
 99 302 
 493 1523 
 555 1550 
 48 1154 
 619 804 
 607 219 
 693 1284 
 580 40 
 109 1010 
 650 1902 
 693 1884 
 125 1353 
 168 220 
 580 442 
 580 813 
 122 220 
 546 531 
 59 304 
 511 39 
 455 1868 
 580 447 
 577 1590 
 281 1673 
 210 323 
 41 399 
 337 738 
 580 1606 
 726 1548 
 722 650 
 693 1641 
 169 740 
 364 118 
 531 238 
 95 1667 
 252 1699 
 389 1669 
 80 738 
 329 693 
 675 344 
 560 830 
 657 738 
 580 1835 
 579 219 
 238 219 
 607 220 
 99 1405 
 153 361 
 429 1523 
 577 354 
 300 220 
 570 718 
 693 323 
 643 115 
 373 255 
 140 1629 
 318 1401 
 30 242 
 722 867 
 227 115 
 722 1568 
 291 743 
 693 1661 
 395 744 
 580 765 
 577 1852 
 722 1193 
 696 830 
 80 734 
 178 496 
 495 1524 
 214 238 
 300 740 
 113 380 
 152 830 
 566 301 
 551 719 
 210 1572 
 299 1360 
 146 302 
 147 118 
 401 738 
 475 496 
 400 830 
 693 71 
 581 128 
 200 305 
 246 619 
 429 677 
 675 555 
 140 608 
 316 1522 
 244 830 
 165 1046 
 496 380 
 356 1046 
 177 1861 
 728 1752 
 577 967 
 578 830 
 210 612 
 425 955 
 319 920 
 580 1124 
 393 1355 
 722 334 
 691 1598 
 457 830 
 472 231 
 136 1677 
 159 733 
 641 302 
 153 639 
 577 103 
 129 744 
 722 209 
 507 302 
 140 352 
 678 116 
 722 1855 
 662 1669 
 580 1570 
 385 830 
 60 301 
 693 1844 
 726 851 
 185 739 
 356 244 
 567 303 
 360 925 
 650 1803 
 349 1075 
 145 304 
 200 304 
 121 220 
 495 740 
 121 219 
 566 744 
 472 301 
 674 301 
 494 1779 
 366 225 
 693 355 
 531 739 
 543 733 
 182 301 
 377 540 
 693 336 
 288 740 
 722 1391 
 662 1670 
 163 1154 
 78 116 
 158 740 
 453 318 
 122 738 
 496 1654 
 730 220 
 677 740 
 488 1046 
 528 489 
 490 118 
 436 1668 
 477 602 
 570 118 
 675 685 
 580 630 
 580 343 
 179 115 
 569 602 
 580 1270 
 479 740 
 69 225 
 261 231 
 675 336 
 60 718 
 318 1399 
 67 244 
 580 448 
 693 341 
 691 1629 
 169 1243 
 273 231 
 327 549 
 300 1654 
 643 118 
 580 946 
 273 1673 
 497 354 
 104 498 
 63 1044 
 360 114 
 268 1043 
 20 677 
 639 302 
 558 122 
 169 220 
 657 303 
 200 39 
 232 238 
 253 1154 
 457 116 
 140 350 
 580 899 
 210 1641 
 658 739 
 159 303 
 580 108 
 580 1391 
 693 208 
 96 1091 
 60 116 
 577 1417 
 182 1043 
 104 116 
 252 1554 
 301 225 
 129 225 
 155 122 
 440 1361 
 61 739 
 95 1668 
 216 738 
 631 830 
 580 1443 
 579 231 
 288 738 
 693 448 
 429 1522 
 691 801 
 728 492 
 577 1086 
 252 820 
 513 1669 
 63 182 
 507 744 
 210 1706 
 395 739 
 578 1417 
 693 1676 
 334 1400 
 343 792 
 527 118 
 20 483 
 423 361 
 158 238 
 404 250 
 486 1117 
 401 116 
 354 1046 
 693 1901 
 577 1891 
 607 734 
 402 735 
 608 1212 
 449 1914 
 140 487 
 324 1667 
 679 830 
 580 865 
 479 741 
 252 1365 
 254 115 
 691 1606 
 722 1303 
 580 1745 
 547 503 
 722 966 
 502 1044 
 65 1667 
 244 238 
 695 1212 
 214 301 
 488 1815 
 229 739 
 59 733 
 536 242 
 668 238 
 490 231 
 127 1469 
 229 830 
 182 220 
 288 733 
 348 1667 
 579 301 
 722 1858 
 577 21 
 60 231 
 96 555 
 401 1523 
 244 739 
 401 302 
 505 929 
 238 740 
 371 1669 
 217 1397 
 159 1405 
 140 1678 
 580 226 
 674 305 
 580 830 
 35 1123 
 140 801 
 558 738 
 381 1350 
 675 1824 
 96 915 
 580 479 
 273 738 
 477 59 
 350 303 
 722 217 
 247 830 
 607 225 
 80 225 
 90 1212 
 726 426 
 379 1669 
 210 1299 
 691 1491 
 146 39 
 678 1524 
 335 225 
 96 270 
 76 231 
 570 1522 
 319 399 
 159 231 
 657 115 
 501 1550 
 454 1243 
 693 608 
 159 1522 
 175 862 
 693 817 
 401 739 
 607 738 
 195 1684 
 342 118 
 652 1669 
 577 1391 
 466 303 
 77 498 
 281 1044 
 693 212 
 678 1522 
 504 1665 
 723 811 
 144 459 
 261 739 
 681 298 
 76 744 
 675 1874 
 658 1045 
 169 303 
 289 1605 
 149 734 
 71 1670 
 104 734 
 69 231 
 713 830 
 675 1572 
 121 531 
 387 1524 
 566 733 
 673 1115 
 117 830 
 140 733 
 658 738 
 393 572 
 210 1270 
 401 303 
 222 1871 
 555 1549 
 152 301 
 276 740 
 530 604 
 134 304 
 731 740 
 17 895 
 657 1672 
 192 380 
 311 115 
 301 115 
 289 804 
 722 887 
 367 588 
 607 302 
 713 116 
 488 718 
 691 765 
 580 1742 
 667 738 
 145 830 
 48 1807 
 356 1043 
 26 232 
 677 303 
 577 1874 
 20 380 
 380 741 
 527 122 
 440 1868 
 583 1360 
 648 1113 
 195 1607 
 337 303 
 496 583 
 693 1536 
 76 739 
 174 1155 
 299 1868 
 168 932 
 300 738 
 252 496 
 182 1154 
 26 1330 
 159 744 
 722 1440 
 226 466 
 497 830 
 311 304 
 316 441 
 662 1299 
 214 580 
 196 1473 
 214 744 
 61 304 
 268 1044 
 169 1524 
 324 1669 
 185 1043 
 368 370 
 196 118 
 472 116 
 722 480 
 580 1442 
 291 231 
 319 354 
 48 1522 
 204 637 
 60 744 
 136 1807 
 400 718 
 369 1075 
 691 1297 
 58 303 
 163 1568 
 64 1044 
 210 816 
 577 426 
 178 605 
 693 1101 
 61 220 
 236 370 
 53 1522 
 96 354 
 182 303 
 140 69 
 254 839 
 26 804 
 692 955 
 347 740 
 695 388 
 696 1523 
 26 1339 
 580 1763 
 333 225 
 658 303 
 722 351 
 319 740 
 311 743 
 332 1291 
 727 1519 
 650 4 
 711 1789 
 579 1589 
 502 182 
 42 1524 
 361 1046 
 662 1297 
 466 39 
 579 238 
 275 719 
 684 220 
 728 354 
 459 740 
 471 500 
 113 737 
 724 397 
 648 1114 
 693 97 
 182 1524 
 73 182 
 165 1044 
 675 1665 
 140 1598 
 96 1295 
 169 302 
 238 735 
 642 303 
 658 718 
 350 1736 
 281 304 
 533 735 
 182 740 
 643 744 
 722 149 
 472 39 
 227 225 
 389 1667 
 19 1522 
 402 738 
 393 144 
 658 225 
 472 738 
 64 693 
 423 804 
 63 639 
 502 740 
 395 718 
 580 429 
 688 738 
 358 867 
 693 801 
 117 703 
 580 1717 
 101 1776 
 379 1668 
 208 1668 
 347 1522 
 64 786 
 136 1673 
 580 888 
 728 355 
 634 714 
 423 1522 
 283 1532 
 580 395 
 580 62 
 558 735 
 248 1046 
 580 1678 
 691 1305 
 580 308 
 662 1554 
 693 1718 
 275 677 
 490 862 
 577 345 
 722 1721 
 493 740 
 280 1524 
 115 830 
 60 739 
 546 218 
 139 1522 
 129 238 
 156 500 
 187 238 
 693 356 
 210 915 
 275 244 
 224 320 
 411 733 
 396 830 
 144 1350 
 199 785 
 459 386 
 96 1060 
 271 301 
 175 1605 
 145 122 
 178 1522 
 238 1405 
 722 472 
 693 1303 
 33 185 
 691 1581 
 303 639 
 662 351 
 153 926 
 319 1029 
 639 303 
 140 424 
 101 59 
 431 1360 
 580 913 
 182 736 
 116 1018 
 691 1665 
 368 1868 
 146 304 
 722 1034 
 321 238 
 691 1554 
 528 765 
 673 1114 
 613 361 
 154 238 
 261 302 
 450 793 
 454 751 
 715 244 
 676 718 
 210 431 
 511 302 
 370 250 
 164 718 
 693 99 
 273 400 
 691 487 
 693 1768 
 140 1852 
 693 903 
 167 1868 
 429 498 
 472 1522 
 580 431 
 15 361 
 354 488 
 537 1670 
 675 448 
 210 343 
 98 734 
 728 1305 
 120 1524 
 643 718 
 693 395 
 68 1291 
 350 1654 
 300 734 
 566 735 
 353 718 
 497 1445 
 580 1299 
 148 1777 
 99 114 
 684 741 
 558 743 
 145 219 
 693 1491 
 291 302 
 281 116 
 412 735 
 405 1361 
 715 250 
 691 1634 
 722 1441 
 722 359 
 693 1126 
 578 1126 
 158 496 
 121 719 
 261 122 
 140 99 
 438 609 
 472 718 
 164 225 
 58 115 
 722 574 
 473 122 
 387 830 
 152 225 
 210 851 
 693 345 
 722 28 
 507 830 
 675 854 
 695 1210 
 543 744 
 580 1107 
 580 1723 
 17 898 
 158 733 
 566 1523 
 96 1763 
 693 1271 
 691 685 
 580 351 
 497 304 
 220 1243 
 722 492 
 140 1866 
 693 1296 
 675 1548 
 232 231 
 254 231 
 423 703 
 122 733 
 693 1665 
 580 446 
 356 739 
 214 302 
 185 1524 
 196 115 
 350 244 
 691 877 
 94 735 
 122 303 
 485 1523 
 408 1361 
 20 713 
 280 302 
 238 231 
 459 1209 
 179 739 
 693 867 
 385 741 
 210 447 
 80 740 
 580 1901 
 252 1678 
 236 1360 
 678 303 
 244 303 
 495 1405 
 485 286 
 386 1355 
 271 740 
 577 208 
 280 1046 
 233 718 
 466 116 
 186 1668 
 301 830 
 728 447 
 210 1279 
 579 739 
 19 830 
 60 733 
 497 1043 
 527 718 
 677 735 
 207 1400 
 722 1033 
 271 231 
 577 923 
 134 1668 
 99 1417 
 196 116 
 678 735 
 580 427 
 358 303 
 201 301 
 276 738 
 198 1799 
 662 1699 
 495 118 
 488 1043 
 577 1536 
 117 305 
 484 1354 
 96 448 
 324 1670 
 722 1657 
 401 115 
 693 342 
 643 1807 
 658 735 
 595 1243 
 98 744 
 58 1523 
 414 250 
 254 302 
 264 285 
 149 303 
 163 929 
 210 1699 
 654 1524 
 678 118 
 678 302 
 254 1043 
 723 1665 
 580 358 
 440 386 
 693 1535 
 301 580 
 675 1443 
 693 912 
 502 830 
 543 740 
 210 446 
 192 303 
 364 733 
 301 1524 
 38 238 
 16 925 
 520 220 
 580 1267 
 660 823 
 693 1034 
 517 130 
 140 555 
 37 689 
 214 1523 
 577 1657 
 364 738 
 39 1399 
 298 804 
 288 231 
 126 118 
 350 156 
 291 740 
 373 244 
 200 737 
 140 1823 
 677 118 
 90 1449 
 117 225 
 115 185 
 69 304 
 691 1852 
 333 231 
 318 1429 
 252 1154 
 185 1523 
 210 1491 
 722 439 
 281 303 
 280 231 
 260 231 
 149 304 
 698 184 
 145 734 
 240 185 
 140 442 
 96 1636 
 64 244 
 200 739 
 76 225 
 590 1668 
 691 492 
 691 1035 
 210 1300 
 187 220 
 677 737 
 577 1060 
 182 1523 
 693 89 
 580 1567 
 60 735 
 252 1396 
 685 1669 
 422 35 
 68 289 
 558 1524 
 395 301 
 652 804 
 493 1524 
 210 1767 
 80 1522 
 531 830 
 577 350 
 580 867 
 288 718 
 580 22 
 182 1044 
 472 549 
 497 496 
 99 744 
 591 1173 
 20 730 
 401 718 
 319 238 
 58 718 
 631 1673 
 580 1759 
 113 733 
 658 244 
 580 1721 
 381 502 
 537 1667 
 54 1112 
 607 744 
 511 738 
 236 386 
 179 830 
 244 733 
 182 39 
 401 225 
 631 115 
 318 1450 
 254 305 
 194 1280 
 168 735 
 185 740 
 662 326 
 725 581 
 577 1279 
 728 685 
 353 303 
 60 115 
 580 1571 
 492 804 
 693 147 
 96 612 
 395 740 
 229 39 
 380 1534 
 722 1629 
 693 1362 
 722 434 
 400 733 
 210 1305 
 677 238 
 562 741 
 558 118 
 61 238 
 268 1046 
 48 1429 
 580 1335 
 662 349 
 722 1297 
 254 1524 
 96 356 
 580 1101 
 147 128 
 580 1491 
 675 345 
 210 685 
 582 1175 
 76 1532 
 677 1524 
 358 1667 
 159 718 
 658 1524 
 261 1523 
 318 1448 
 377 218 
 502 118 
 210 1901 
 504 1668 
 493 118 
 729 318 
 540 1415 
 244 39 
 393 850 
 289 898 
 223 1007 
 543 302 
 668 225 
 502 932 
 140 1417 
 411 735 
 227 1523 
 290 1668 
 551 1871 
 96 203 
 400 713 
 658 751 
 580 1794 
 411 734 
 35 1779 
 186 1523 
 404 303 
 26 1331 
 361 1044 
 229 244 
 627 1914 
 493 225 
 158 830 
 182 738 
 578 1172 
 613 639 
 99 733 
 715 242 
 660 830 
 693 1306 
 238 220 
 76 740 
 440 785 
 718 1506 
 98 738 
 691 431 
 191 242 
 490 303 
 121 250 
 155 738 
 686 318 
 546 942 
 490 683 
 88 804 
 329 1360 
 96 350 
 546 1167 
 497 118 
 543 219 
 207 1448 
 722 1911 
 570 220 
 152 39 
 238 305 
 140 574 
 129 839 
 271 1522 
 580 922 
 662 341 
 414 242 
 17 894 
 691 1881 
 161 285 
 147 115 
 578 1163 
 364 304 
 677 1589 
 328 361 
 42 739 
 163 361 
 152 231 
 252 1669 
 210 482 
 134 830 
 39 581 
 380 1243 
 515 718 
 691 427 
 280 39 
 311 744 
 710 156 
 254 118 
 677 244 
 607 735 
 395 225 
 253 1673 
 580 1302 
 430 1397 
 178 76 
 546 354 
 144 500 
 132 115 
 722 29 
 447 1668 
 145 733 
 445 238 
 76 830 
 693 564 
 547 501 
 663 397 
 654 361 
 577 564 
 691 922 
 693 62 
 280 115 
 214 115 
 311 244 
 358 830 
 627 235 
 580 70 
 672 1807 
 64 156 
 580 18 
 493 309 
 140 29 
 728 487 
 694 742 
 328 1533 
 722 1531 
 570 225 
 429 693 
 558 734 
 96 1724 
 252 447 
 546 1010 
 662 346 
 210 345 
 98 735 
 580 24 
 580 1060 
 8 231 
 497 1523 
 207 1449 
 96 876 
 389 895 
 261 1522 
 291 739 
 261 744 
 379 1670 
 440 1360 
 591 584 
 649 235 
 658 1589 
 402 220 
 693 922 
 35 1113 
 311 219 
 722 1156 
 662 1667 
 156 501 
 617 898 
 662 1124 
 136 926 
 691 1548 
 156 502 
 577 69 
 687 1043 
 29 1044 
 503 804 
 661 1473 
 350 744 
 508 677 
 577 209 
 678 301 
 182 225 
 488 830 
 485 1870 
 63 744 
 200 744 
 37 1243 
 210 346 
 99 301 
 200 244 
 683 185 
 210 351 
 693 350 
 96 905 
 713 122 
 393 143 
 702 238 
 300 713 
 579 738 
 684 738 
 691 70 
 558 737 
 289 361 
 59 303 
 151 1369 
 728 1859 
 161 1360 
 311 303 
 412 734 
 140 1554 
 64 225 
 497 115 
 200 1589 
 613 1044 
 675 1440 
 153 1153 
 675 203 
 580 1004 
 96 1270 
 140 447 
 354 363 
 693 966 
 502 1524 
 469 955 
 63 1360 
 163 719 
 96 564 
 238 304 
 275 693 
 350 1822 
 582 1870 
 280 361 
 693 1060 
 273 740 
 454 218 
 354 1153 
 281 744 
 693 1592 
 691 1365 
 482 399 
 78 225 
 577 1759 
 722 496 
 692 738 
 691 226 
 200 225 
 675 1141 
 353 302 
 696 718 
 117 302 
 662 1126 
 80 1029 
 140 867 
 687 1046 
 511 118 
 488 1154 
 245 581 
 562 303 
 675 1270 
 516 118 
 405 1630 
 685 1668 
 96 343 
 405 1776 
 155 718 
 577 226 
 495 718 
 69 735 
 527 225 
 524 895 
 348 1668 
 291 804 
 37 751 
 493 739 
 558 301 
 159 238 
 353 304 
 695 385 
 580 1257 
 488 733 
 210 293 
 270 1879 
 101 1871 
 516 115 
 140 1298 
 63 361 
 497 303 
 385 739 
 691 1570 
 693 1417 
 210 854 
 577 1592 
 490 238 
 580 1897 
 533 303 
 169 744 
 328 1524 
 393 1354 
 722 1723 
 690 298 
 546 862 
 270 361 
 691 429 
 303 693 
 517 1524 
 99 225 
 131 211 
 294 1668 
 570 1524 
 214 116 
 178 250 
 341 115 
 390 1578 
 227 1405 
 152 549 
 35 182 
 577 1491 
 348 1669 
 468 580 
 693 1666 
 580 1189 
 319 1524 
 558 736 
 22 733 
 713 118 
 53 1523 
 145 305 
 308 1523 
 400 301 
 117 733 
 63 185 
 693 1638 
 669 1837 
 488 693 
 580 1193 
 684 118 
 232 220 
 675 1570 
 42 740 
 216 304 
 580 269 
 509 469 
 435 734 
 239 739 
 312 639 
 416 1361 
 291 744 
 580 1365 
 564 323 
 693 152 
 592 1871 
 140 344 
 200 302 
 693 1141 
 691 496 
 182 1705 
 140 1793 
 484 1351 
 449 75 
 399 1355 
 185 703 
 192 302 
 667 735 
 524 804 
 580 480 
 328 363 
 98 739 
 98 301 
 613 303 
 502 242 
 577 346 
 330 1868 
 662 431 
 577 446 
 261 1560 
 210 350 
 490 122 
 140 1593 
 580 1884 
 640 1405 
 469 739 
 675 489 
 420 220 
 684 305 
 650 1701 
 502 301 
 395 122 
 722 1897 
 516 734 
 577 867 
 577 1305 
 577 351 
 493 304 
 369 1109 
 722 1859 
 140 1606 
 282 370 
 140 449 
 693 482 
 511 115 
 401 1524 
 301 1522 
 311 302 
 254 1154 
 200 66 
 179 718 
 546 602 
 332 1667 
 722 630 
 564 488 
 493 795 
 121 1495 
 210 52 
 342 116 
 458 225 
 372 1361 
 691 1790 
 152 302 
 140 854 
 473 718 
 495 115 
 566 740 
 351 804 
 547 504 
 64 1252 
 400 738 
 254 738 
 328 365 
 547 500 
 701 804 
 221 925 
 405 386 
 210 1786 
 36 830 
 577 212 
 670 1274 
 168 1243 
 311 737 
 138 639 
 140 1305 
 722 71 
 580 1661 
 398 693 
 155 118 
 168 928 
 311 740 
 577 816 
 504 1209 
 239 1523 
 497 1604 
 577 685 
 158 122 
 722 1768 
 136 167 
 675 915 
 91 830 
 722 801 
 117 220 
 131 209 
 679 942 
 54 1779 
 580 1308 
 714 738 
 580 924 
 60 736 
 64 846 
 497 1524 
 675 326 
 658 733 
 90 1450 
 252 738 
 591 1868 
 504 1777 
 730 66 
 104 733 
 708 1670 
 580 1190 
 140 1032 
 335 302 
 182 122 
 186 1524 
 162 804 
 360 474 
 695 386 
 580 1531 
 356 1593 
 210 1293 
 580 574 
 475 39 
 400 115 
 580 217 
 127 1010 
 311 736 
 207 1450 
 543 305 
 178 238 
 319 1292 
 227 738 
 189 167 
 580 426 
 138 926 
 191 830 
 281 225 
 385 1534 
 17 1909 
 488 1044 
 342 122 
 311 116 
 577 1665 
 667 744 
 275 301 
 179 118 
 370 1010 
 691 816 
 691 426 
 546 1291 
 58 116 
 281 496 
 22 184 
 244 231 
 252 1667 
 722 1535 
 159 740 
 129 219 
 17 703 
 238 238 
 558 303 
 596 306 
 538 1473 
 459 738 
 502 1029 
 64 1583 
 323 1778 
 577 347 
 281 1291 
 78 740 
 306 220 
 691 428 
 507 231 
 722 548 
 469 956 
 60 225 
 536 244 
 516 225 
 261 740 
 688 739 
 159 1524 
 281 740 
 124 244 
 546 804 
 280 66 
 264 1529 
 60 740 
 580 1548 
 529 740 
 364 303 
 657 231 
 667 718 
 275 225 
 94 734 
 238 242 
 691 1769 
 657 740 
 722 651 
 515 740 
 474 1447 
 231 1360 
 422 1109 
 319 323 
 151 1509 
 580 418 
 497 301 
 484 1355 
 570 39 
 517 1522 
 726 854 
 558 225 
 577 1396 
 168 1532 
 669 848 
 366 1522 
 319 185 
 252 323 
 315 1534 
 61 305 
 329 1343 
 350 730 
 472 302 
 182 733 
 186 1669 
 580 147 
 466 1523 
 537 1668 
 159 830 
 507 1154 
 200 1046 
 109 1522 
 181 1523 
 580 1821 
 691 564 
 29 1046 
 279 751 
 677 301 
 98 898 
 693 431 
 577 1844 
 722 854 
 227 302 
 96 1725 
 678 1405 
 157 515 
 546 1522 
 181 1524 
 64 739 
 181 740 
 675 427 
 210 888 
 488 740 
 693 641 
 22 1523 
 722 815 
 54 1360 
 140 851 
 319 867 
 301 116 
 240 1186 
 420 114 
 296 219 
 577 102 
 57 1736 
 140 203 
 580 1638 
 483 115 
 71 1669 
 226 1639 
 347 739 
 675 1852 
 684 304 
 691 1553 
 140 341 
 577 323 
 420 751 
 72 1532 
 722 576 
 580 1555 
 249 244 
 254 718 
 384 655 
 496 581 
 567 302 
 104 304 
 697 736 
 473 116 
 475 1861 
 543 734 
 352 504 
 292 225 
 271 1524 
 473 118 
 475 830 
 577 70 
 300 301 
 543 303 
 250 693 
 414 734 
 216 1523 
 69 302 
 104 740 
 141 1883 
 139 231 
 696 739 
 466 115 
 398 1532 
 99 116 
 693 1124 
 528 639 
 80 830 
 566 302 
 290 1669 
 371 1667 
 350 225 
 152 739 
 532 639 
 78 1029 
 580 1665 
 253 301 
 662 1491 
 722 1497 
 183 1534 
 210 211 
 350 1210 
 420 830 
 728 867 
 693 348 
 149 231 
 241 1522 
 271 303 
 273 739 
 234 1669 
 490 925 
 676 114 
 300 303 
 418 306 
 210 1606 
 724 115 
 427 302 
 722 270 
 353 744 
 281 122 
 708 1667 
 178 225 
 364 231 
 140 1270 
 96 851 
 722 1718 
 288 238 
 675 1305 
 622 501 
 193 498 
 263 59 
 41 1879 
 445 739 
 171 1522 
 566 736 
 354 804 
 728 1491 
 675 887 
 140 1034 
 210 1308 
 220 160 
 580 270 
 239 220 
 179 925 
 675 608 
 143 502 
 358 677 
 291 496 
 216 718 
 244 738 
 419 739 
 311 225 
 693 1066 
 280 1360 
 210 1568 
 722 198 
 693 1107 
 99 1524 
 693 854 
 60 302 
 401 305 
 436 1669 
 502 744 
 261 116 
 140 1463 
 300 739 
 511 116 
 658 736 
 210 1723 
 276 744 
 178 244 
 502 1522 
 580 1844 
 254 1044 
 414 733 
 48 751 
 241 244 
 691 1004 
 722 912 
 502 115 
 37 804 
 140 651 
 676 1405 
 494 81 
 693 21 
 227 118 
 580 608 
 167 295 
 579 220 
 252 1141 
 280 830 
 703 1807 
 166 718 
 291 735 
 261 1043 
 577 349 
 511 122 
 675 1035 
 607 303 
 103 1043 
 562 739 
 653 1360 
 691 1497 
 474 751 
 693 1150 
 311 738 
 182 1522 
 350 306 
 159 301 
 127 739 
 580 216 
 15 380 
 101 443 
 117 743 
 122 238 
 693 18 
 257 747 
 662 1298 
 261 303 
 117 39 
 657 1813 
 501 581 
 580 89 
 495 739 
 140 1553 
 429 733 
 319 677 
 401 122 
 570 738 
 516 1473 
 577 448 
 99 39 
 42 830 
 181 225 
 140 1150 
 332 1668 
 577 888 
 74 830 
 35 185 
 580 1908 
 210 117 
 216 739 
 149 225 
 657 1815 
 726 1417 
 402 238 
 493 302 
 241 242 
 57 719 
 129 1673 
 87 231 
 609 804 
 662 208 
 580 28 
 675 431 
 210 1126 
 68 380 
 63 366 
 301 1583 
 580 1278 
 731 122 
 220 76 
 662 1417 
 143 503 
 280 740 
 595 1534 
 289 1454 
 200 736 
 181 116 
 722 612 
 731 733 
 613 804 
 493 1046 
 497 1605 
 693 1186 
 192 738 
 185 66 
 728 351 
 345 1043 
 580 334 
 493 1154 
 158 718 
 662 555 
 724 298 
 693 1725 
 675 487 
 252 218 
 280 250 
 693 492 
 220 1291 
 728 801 
 516 830 
 103 1046 
 121 225 
 567 118 
 693 1004 
 414 739 
 64 744 
 290 609 
 488 839 
 20 765 
 693 1866 
 289 929 
 691 108 
 288 739 
 580 1035 
 417 238 
 140 1291 
 577 1141 
 63 1524 
 319 1429 
 59 301 
 90 1401 
 580 496 
 240 1282 
 210 356 
 169 116 
 175 839 
 96 212 
 631 1473 
 68 1840 
 76 718 
 693 816 
 400 225 
 722 1769 
 475 1522 
 507 739 
 562 740 
 580 1769 
 280 1044 
 507 1523 
 389 1668 
 350 304 
 684 301 
 280 225 
 722 1745 
 567 305 
 358 1522 
 252 1638 
 488 744 
 210 1629 
 305 278 
 80 744 
 188 584 
 157 508 
 234 1668 
 182 739 
 558 304 
 164 238 
 239 219 
 26 150 
 497 1044 
 520 231 
 566 739 
 153 363 
 691 924 
 60 734 
 722 348 
 529 301 
 675 1594 
 232 1532 
 580 1373 
 577 1124 
 163 1914 
 697 734 
 580 198 
 67 1029 
 580 1572 
 493 242 
 246 622 
 496 1635 
 511 830 
 204 39 
 332 59 
 493 231 
 722 1302 
 254 116 
 691 1126 
 655 1176 
 35 602 
 140 346 
 577 55 
 675 1884 
 516 733 
 151 1817 
 358 231 
 580 1296 
 558 740 
 313 115 
 662 1593 
 722 529 
 166 739 
 145 303 
 684 733 
 358 39 
 168 304 
 708 1668 
 300 733 
 607 737 
 693 480 
 580 20 
 577 817 
 510 1527 
 254 304 
 412 740 
 244 1524 
 153 804 
 261 1405 
 369 1121 
 662 854 
 297 1046 
 567 114 
 140 343 
 93 686 
 497 740 
 711 713 
 291 242 
 140 743 
 392 39 
 270 363 
 323 602 
 566 118 
 639 738 
 240 1475 
 686 320 
 96 1156 
 577 1581 
 288 219 
 416 1360 
 254 39 
 64 303 
 140 28 
 666 1523 
 179 114 
 98 238 
 454 1186 
 580 482 
 152 744 
 657 225 
 179 1523 
 206 242 
 67 250 
 650 3 
 140 564 
 53 740 
 693 1590 
 693 887 
 384 572 
 662 1638 
 96 1859 
 472 238 
 677 736 
 308 1522 
 693 209 
 280 303 
 693 1091 
 580 1641 
 281 739 
 421 167 
 210 1417 
 163 115 
 577 1700 
 579 830 
 140 204 
 58 39 
 691 482 
 677 830 
 684 116 
 693 326 
 482 532 
 675 1391 
 679 1861 
 64 301 
 158 115 
 367 804 
 140 24 
 280 1522 
 493 744 
 318 1400 
 238 718 
 244 740 
 580 212 
 63 301 
 139 238 
 726 651 
 580 914 
 227 238 
 377 1243 
 516 738 
 185 1522 
 657 1524 
 583 1361 
 529 738 
 493 250 
 567 304 
 80 955 
 344 806 
 693 946 
 138 761 
 459 385 
 252 867 
 691 204 
 236 1868 
 117 304 
 227 1524 
 164 830 
 675 99 
 603 733 
 693 1793 
 275 220 
 637 1194 
 233 1522 
 580 428 
 649 497 
 214 830 
 577 1849 
 234 1361 
 639 744 
 327 895 
 468 693 
 580 903 
 26 1340 
 691 901 
 259 1447 
 662 1141 
 63 1522 
 140 876 
 580 1743 
 579 734 
 472 303 
 261 738 
 350 489 
 653 1630 
 210 555 
 547 502 
 687 1044 
 558 39 
 493 185 
 571 677 
 570 115 
 580 817 
 684 238 
 511 238 
 64 116 
 140 1086 
 675 1757 
 677 744 
 580 961 
 513 1667 
 543 244 
 429 304 
 145 301 
 579 303 
 140 342 
 366 677 
 240 894 
 577 1568 
 657 1523 
 166 1230 
 99 1523 
 675 426 
 252 1670 
 502 795 
 140 612 
 141 1668 
 658 302 
 187 225 
 577 427 
 103 1154 
 38 39 
 216 740 
 64 718 
 494 1109 
 104 303 
 59 736 
 497 744 
 577 1138 
 340 719 
 185 496 
 169 225 
 722 1821 
 313 116 
 328 364 
 178 323 
 693 1881 
 366 1175 
 182 718 
 613 1522 
 188 602 
 364 238 
 136 1675 
 691 351 
 677 242 
 566 304 
 16 719 
 566 305 
 64 242 
 543 225 
 19 1524 
 110 219 
 239 740 
 26 1336 
 387 741 
 226 1212 
 577 529 
 244 742 
 713 115 
 367 783 
 570 122 
 684 244 
 277 122 
 76 118 
 401 744 
 722 1706 
 722 1426 
 725 352 
 662 1305 
 722 1304 
 181 738 
 684 242 
 261 250 
 58 118 
 580 214 
 722 1555 
 468 250 
 352 500 
 580 1810 
 188 713 
 675 1793 
 675 496 
 693 1742 
 69 830 
 276 1243 
 165 830 
 502 39 
 694 718 
 693 548 
 490 1522 
 200 1522 
 171 894 
 104 738 
 436 1670 
 181 115 
 140 1570 
 412 733 
 532 804 
 570 301 
 580 1676 
 641 303 
 185 677 
 311 301 
 236 1776 
 181 744 
 512 303 
 567 718 
 96 346 
 316 733 
 68 609 
 175 823 
 490 738 
 580 1440 
 580 1851 
 140 738 
 80 302 
 659 118 
 99 220 
 238 303 
 113 739 
 423 1573 
 113 740 
 344 1360 
 511 744 
 591 1871 
 429 303 
 488 581 
 677 1154 
 691 1299 
 578 1162 
 493 182 
 244 225 
 303 361 
 22 1524 
 667 116 
 516 122 
 58 738 
 303 1524 
 637 116 
 454 1619 
 502 730 
 227 231 
 18 702 
 358 1668 
 296 302 
 134 225 
 216 1405 
 566 122 
 159 739 
 404 242 
 252 555 
 281 220 
 252 801 
 294 1667 
 580 1898 
 693 148 
 564 1495 
 657 739 
 187 231 
 177 1704 
 696 1524 
 490 677 
 486 380 
 131 677 
 145 220 
 662 103 
 546 116 
 280 185 
 722 21 
 181 734 
 675 1254 
 185 303 
 693 1257 
 61 740 
 117 738 
 117 231 
 113 738 
 122 740 
 64 1673 
 693 1567 
 100 1043 
 168 225 
 570 1523 
 117 739 
 61 303 
 29 1522 
 578 1665 
 59 830 
 58 830 
 288 220 
 311 242 
 370 242 
 678 740 
 196 830 
 697 231 
 566 219 
 580 1259 
 201 830 
 64 830 
 281 1405 
 529 250 
 657 693 
 577 342 
 577 1091 
 507 244 
 340 1669 
 693 1279 
 667 115 
 580 492 
 657 830 
 714 244 
 437 242 
 270 804 
 577 1298 
 502 739 
 694 733 
 722 341 
 396 1045 
 323 1620 
 148 1668 
 78 115 
 437 580 
 104 122 
 484 1353 
 142 185 
 570 302 
 393 1357 
 323 580 
 688 744 
 579 244 
 60 118 
 453 306 
 140 1786 
 345 830 
 580 1566 
 254 496 
 675 1156 
 691 915 
 259 1446 
 59 734 
 435 735 
 181 718 
 527 303 
 99 1473 
 350 1523 
 227 718 
 666 1524 
 580 576 
 323 804 
 511 733 
 181 736 
 158 231 
 154 1522 
 109 1576 
 227 1522 
 297 1044 
 691 1308 
 291 303 
 275 898 
 580 419 
 226 285 
 296 303 
 200 1154 
 577 1570 
 356 1154 
 458 895 
 558 116 
 662 1548 
 360 39 
 496 677 
 720 317 
 364 301 
 710 1635 
 577 1554 
 353 116 
 314 1360 
 275 231 
 667 301 
 580 816 
 693 204 
 152 1311 
 96 1706 
 138 144 
 472 115 
 210 529 
 332 117 
 236 1630 
 546 496 
 531 703 
 515 733 
 328 1573 
 59 220 
 138 235 
 252 1124 
 657 301 
 78 1522 
 315 718 
 117 116 
 347 1360 
 140 1901 
 366 713 
 96 323 
 682 1046 
 343 793 
 566 743 
 566 1524 
 159 115 
 693 496 
 530 1043 
 667 733 
 527 116 
 456 925 
 185 39 
 691 446 
 580 346 
 667 231 
 658 304 
 695 384 
 226 751 
 182 114 
 239 928 
 117 303 
 693 813 
 546 115 
 688 734 
 59 115 
 402 231 
 531 225 
 722 1335 
 273 942 
 201 302 
 579 1524 
 670 1267 
 140 1491 
 64 118 
 273 830 
 117 1405 
 152 693 
 216 225 
 528 804 
 372 1360 
 367 1582 
 579 302 
 543 301 
 693 1745 
 437 244 
 671 244 
 379 1667 
 268 66 
 271 735 
 577 355 
 96 1293 
 210 1763 
 214 118 
 210 1678 
 254 1523 
 728 1548 
 580 1724 
 280 1583 
 691 1362 
 341 118 
 613 1523 
 23 125 
 693 888 
 731 115 
 233 1524 
 117 219 
 238 739 
 64 115 
 146 738 
 229 1524 
 580 1032 
 281 39 
 722 1273 
 96 345 
 693 293 
 182 238 
 59 302 
 163 751 
 722 55 
 678 304 
 504 1212 
 493 730 
 429 719 
 577 326 
 254 733 
 145 735 
 216 830 
 694 1524 
 493 646 
 566 741 
 543 862 
 362 898 
 227 830 
 607 238 
 450 792 
 96 1138 
 658 231 
 178 739 
 308 1524 
 662 496 
 691 1636 
 159 225 
 232 1522 
 580 92 
 577 1531 
 570 739 
 580 449 
 507 738 
 675 867 
 133 244 
 354 926 
 693 1830 
 566 238 
 580 435 
 59 225 
 550 242 
 117 118 
 691 555 
 289 580 
 662 340 
 580 1786 
 675 1124 
 490 703 
 199 443 
 296 733 
 210 817 
 210 887 
 125 1354 
 529 739 
 546 323 
 148 1212 
 20 488 
 152 1522 
 99 231 
 495 225 
 662 1086 
 140 348 
 402 744 
 96 801 
 287 278 
 472 744 
 472 1311 
 96 1570 
 577 913 
 580 69 
 533 220 
 273 303 
 675 1417 
 677 733 
 580 854 
 449 1807 
 124 250 
 675 340 
 443 59 
 562 738 
 210 1570 
 493 115 
 693 52 
 26 1216 
 291 737 
 580 211 
 96 1417 
 524 733 
 511 1522 
 497 302 
 163 1605 
 42 220 
 353 118 
 72 489 
 76 738 
 562 742 
 395 115 
 658 744 
 210 449 
 584 244 
 199 1360 
 677 304 
 580 1556 
 418 602 
 300 693 
 722 18 
 658 862 
 693 211 
 364 302 
 513 1668 
 233 1523 
 551 1868 
 117 744 
 214 718 
 140 877 
 496 823 
 684 225 
 99 738 
 657 122 
 533 739 
 186 1670 
 59 116 
 271 225 
 63 238 
 96 480 
 281 323 
 90 1400 
 140 446 
 400 302 
 368 1667 
 337 116 
 149 733 
 456 116 
 688 238 
 622 504 
 531 303 
 726 29 
 722 40 
 371 1668 
 577 293 
 141 414 
 96 341 
 122 1522 
 482 167 
 277 116 
 182 830 
 216 238 
 281 734 
 87 740 
 566 220 
 607 231 
 539 580 
 104 1524 
 579 733 
 126 116 
 353 301 
 566 115 
 64 639 
 677 220 
 64 730 
 580 121 
 580 1426 
 263 702 
 566 1274 
 516 1524 
 543 304 
 337 122 
 488 225 
 210 1638 
 140 326 
 577 876 
 691 867 
 181 830 
 500 370 
 291 244 
 214 1522 
 579 116 
 63 1879 
 140 1572 
 675 355 
 515 1522 
 543 238 
 20 1010 
 164 231 
 140 630 
 580 915 
 280 1154 
 675 1636 
 179 225 
 691 851 
 423 1534 
 417 231 
 117 741 
 224 1807 
 511 1524 
 678 744 
 63 739 
 35 81 
 236 693 
 486 702 
 59 735 
 488 220 
 670 1271 
 511 231 
 364 740 
 18 59 
 558 744 
 200 301 
 693 1302 
 577 1750 
 281 231 
 99 1469 
 502 1523 
 181 1522 
 96 1699 
 690 1223 
 558 238 
 216 303 
 494 1112 
 140 209 
 69 733 
 370 738 
 678 238 
 104 231 
 662 343 
 675 574 
 662 345 
 471 502 
 318 1428 
 693 349 
 182 741 
 577 419 
 364 116 
 684 122 
 236 786 
 179 231 
 224 318 
 577 1830 
 185 1046 
 193 1509 
 722 1752 
 675 1364 
 178 303 
 677 734 
 580 1585 
 693 346 
 615 76 
 688 304 
 185 185 
 545 244 
 214 122 
 168 219 
 248 1043 
 358 1669 
 96 867 
 281 733 
 540 278 
 546 740 
 216 1576 
 140 817 
 577 608 
 182 116 
 473 115 
 443 1777 
 558 244 
 556 1673 
 413 1044 
 61 733 
 210 344 
 133 301 
 291 238 
 704 1204 
 639 231 
 580 341 
 678 738 
 158 304 
 289 719 
 366 380 
 168 238 
 693 28 
 98 225 
 524 894 
 252 69 
 96 1282 
 139 1523 
 677 231 
 350 1292 
 693 915 
 238 302 
 577 1303 
 484 572 
 423 639 
 361 1043 
 702 219 
 345 1046 
 353 39 
 98 1243 
 179 220 
 507 242 
 145 231 
 64 182 
 433 1679 
 558 242 
 580 204 
 490 1311 
 570 116 
 420 718 
 722 1032 
 558 231 
 104 741 
 515 302 
 528 751 
 26 228 
 657 302 
 144 502 
 252 487 
 507 303 
 113 303 
 513 1670 
 427 244 
 675 323 
 139 115 
 289 730 
 59 219 
 677 718 
 271 238 
 577 1636 
 314 1361 
 550 39 
 455 1668 
 529 1522 
 349 1779 
 463 1361 
 639 225 
 418 309 
 252 1491 
 152 738 
 728 1300 
 580 1751 
 350 713 
 140 961 
 580 901 
 109 1573 
 145 1405 
 693 1156 
 261 1524 
 673 1113 
 702 220 
 464 1673 
 639 718 
 320 1524 
 238 744 
 16 1807 
 220 323 
 371 1670 
 131 212 
 210 99 
 474 1446 
 377 1533 
 340 1668 
 163 804 
 516 301 
 163 1620 
 158 39 
 455 1871 
 164 303 
 99 305 
 696 740 
 702 231 
 728 1299 
 96 1491 
 301 1523 
 674 302 
 419 830 
 188 59 
 208 1669 
 678 115 
 328 804 
 691 817 
 148 1401 
 450 1212 
 381 504 
 609 785 
 169 118 
 52 1368 
 502 185 
 531 302 
 366 1523 
 418 581 
 614 244 
 549 1046 
 281 1524 
 87 739 
 667 225 
 185 380 
 493 1044 
 17 795 
 679 35 
 691 888 
 693 1032 
 718 370 
 693 340 
 722 1417 
 580 1279 
 178 115 
 675 1060 
 461 634 
 405 1360 
 71 1668 
 99 740 
 72 1620 
 175 830 
 333 184 
 507 740 
 668 733 
 58 740 
 117 1524 
 400 740 
 98 231 
 637 1102 
 472 1405 
 281 743 
 664 498 
 577 442 
 369 1123 
 691 52 
 254 238 
 377 1532 
 284 449 
 59 743 
 400 116 
 726 492 
 515 1777 
 124 242 
 16 531 
 173 1361 
 567 738 
 722 1362 
 291 733 
 28 184 
 728 1156 
 581 130 
 662 342 
 145 116 
 609 751 
 194 1871 
 393 761 
 291 115 
 227 739 
 659 116 
 577 431 
 177 582 
 72 301 
 675 1590 
 96 1767 
 21 1010 
 662 1570 
 101 804 
 475 115 
 693 447 
 117 1522 
 214 1417 
 662 447 
 99 1522 
 646 894 
 311 733 
 179 540 
 683 182 
 718 1537 
 152 718 
 667 1523 
 369 1779 
 26 75 
 353 580 
 533 305 
 662 830 
 657 839 
 693 354 
 329 1776 
 177 581 
 280 118 
 691 1862 
 113 301 
 140 1763 
 543 220 
 662 685 
 152 118 
 220 1534 
 252 1086 
 691 1706 
 613 1524 
 346 1360 
 722 426 
 59 242 
 399 1353 
 64 1046 
 210 355 
 99 739 
 271 1523 
 693 439 
 495 39 
 37 1360 
 319 751 
 482 1807 
 675 1706 
 662 1033 
 229 738 
 84 804 
 104 115 
 689 1520 
 340 1667 
 229 740 
 140 351 
 131 751 
 722 774 
 318 1427 
 337 739 
 667 734 
 558 305 
 547 505 
 280 364 
 145 302 
 720 1782 
 667 238 
 220 1807 
 691 1793 
 59 739 
 169 1534 
 96 1167 
 577 1365 
 80 1524 
 271 739 
 722 641 
 395 116 
 104 301 
 364 225 
 311 735 
 252 1299 
 693 1035 
 647 203 
 226 1529 
 702 184 
 311 1589 
 350 1010 
 240 890 
 580 547 
 728 323 
 273 1524 
 693 1278 
 693 1443 
 711 730 
 515 738 
 210 1193 
 100 1044 
 395 118 
 290 1667 
 261 323 
 579 740 
 312 804 
 142 1654 
 239 1524 
 216 122 
 577 343 
 592 1280 
 145 225 
 631 118 
 496 738 
 691 1568 
 311 238 
 693 1581 
 238 733 
 63 1523 
