 481 822 
 371 1670 
 722 496 
 166 1914 
 360 830 
 281 736 
 722 1745 
 577 1531 
 226 1529 
 474 751 
 579 219 
 282 1687 
 64 250 
 210 1699 
 688 225 
 227 1522 
 288 220 
 722 1303 
 59 305 
 697 734 
 691 912 
 722 308 
 280 242 
 177 1704 
 501 581 
 280 303 
 502 1044 
 684 738 
 669 1837 
 60 737 
 436 1667 
 566 830 
 140 342 
 507 1154 
 658 303 
 722 867 
 380 741 
 475 496 
 140 1291 
 60 303 
 420 220 
 577 876 
 236 370 
 578 356 
 728 356 
 675 226 
 691 1568 
 240 1180 
 675 204 
 693 1442 
 486 1117 
 660 830 
 677 737 
 580 800 
 577 226 
 64 156 
 328 365 
 488 740 
 566 118 
 567 301 
 609 338 
 61 301 
 401 301 
 181 830 
 291 305 
 298 804 
 145 301 
 609 818 
 577 1303 
 91 830 
 214 225 
 268 66 
 282 370 
 693 442 
 240 1475 
 101 1868 
 280 830 
 84 804 
 662 608 
 210 351 
 423 1523 
 471 500 
 547 500 
 168 739 
 693 356 
 722 1033 
 497 1445 
 579 244 
 662 208 
 693 816 
 693 1570 
 301 225 
 527 1523 
 728 308 
 122 740 
 658 739 
 95 1667 
 275 242 
 350 1523 
 389 1667 
 117 734 
 297 1154 
 529 242 
 238 305 
 402 219 
 691 351 
 152 738 
 181 736 
 294 1667 
 59 225 
 29 1522 
 156 500 
 497 66 
 566 738 
 300 301 
 136 1914 
 200 66 
 366 1523 
 691 1699 
 296 225 
 291 740 
 134 303 
 288 736 
 677 220 
 261 250 
 543 739 
 124 242 
 657 225 
 60 734 
 60 118 
 182 1154 
 58 118 
 20 483 
 259 1447 
 678 220 
 528 804 
 227 830 
 315 1534 
 169 1523 
 693 209 
 319 361 
 722 359 
 131 232 
 329 1776 
 578 323 
 300 734 
 280 740 
 543 740 
 177 167 
 497 413 
 580 1124 
 178 739 
 577 851 
 80 1029 
 454 751 
 321 1778 
 502 1522 
 281 830 
 658 738 
 178 244 
 418 862 
 96 1767 
 64 1154 
 63 1879 
 210 52 
 61 219 
 675 426 
 578 830 
 271 303 
 510 1871 
 35 1075 
 347 1360 
 691 418 
 276 734 
 564 488 
 675 1824 
 580 217 
 703 1807 
 513 1670 
 416 1360 
 96 913 
 166 1230 
 175 1534 
 72 703 
 578 1162 
 131 751 
 42 718 
 655 266 
 674 301 
 240 894 
 422 1534 
 558 830 
 281 1473 
 693 1305 
 669 1318 
 200 1522 
 281 1291 
 140 69 
 108 738 
 140 1107 
 653 609 
 695 383 
 207 1450 
 258 414 
 488 581 
 181 737 
 722 1638 
 277 118 
 96 905 
 580 915 
 57 1736 
 101 1871 
 281 305 
 353 580 
 627 1526 
 662 1365 
 265 492 
 684 303 
 244 738 
 722 1257 
 564 1495 
 311 736 
 731 741 
 99 114 
 580 813 
 693 1441 
 675 1852 
 580 429 
 289 361 
 280 225 
 681 298 
 408 1361 
 395 118 
 353 830 
 722 1898 
 580 966 
 531 1534 
 74 830 
 639 225 
 140 1060 
 405 1361 
 496 1654 
 210 1638 
 650 686 
 282 249 
 166 718 
 121 303 
 193 1509 
 140 487 
 463 386 
 662 1665 
 578 1305 
 678 718 
 353 1154 
 677 1589 
 693 1535 
 182 114 
 577 496 
 335 549 
 516 740 
 475 830 
 314 1361 
 675 1793 
 662 431 
 301 489 
 696 740 
 83 460 
 280 1522 
 146 738 
 59 219 
 301 1523 
 726 1665 
 210 887 
 368 1667 
 539 580 
 210 1763 
 288 718 
 693 867 
 19 1522 
 577 1824 
 693 293 
 580 1585 
 691 901 
 113 225 
 546 496 
 580 1794 
 662 1699 
 422 301 
 350 380 
 117 736 
 138 143 
 140 867 
 61 739 
 367 804 
 240 1282 
 211 1361 
 158 1523 
 220 1807 
 691 102 
 662 1298 
 421 862 
 175 839 
 140 341 
 662 1638 
 296 219 
 714 738 
 210 356 
 324 1669 
 502 1030 
 472 718 
 96 1858 
 281 1044 
 728 1270 
 662 1396 
 105 244 
 35 185 
 335 225 
 247 1311 
 307 185 
 210 1124 
 722 269 
 722 865 
 650 315 
 57 677 
 722 28 
 216 1523 
 484 1357 
 353 740 
 233 718 
 672 1807 
 613 225 
 667 303 
 104 118 
 420 751 
 730 220 
 249 244 
 305 278 
 722 1657 
 381 502 
 485 1522 
 666 1523 
 164 718 
 210 1678 
 667 734 
 385 830 
 163 751 
 580 323 
 377 929 
 211 380 
 369 1779 
 238 220 
 78 1522 
 341 118 
 370 738 
 580 1373 
 232 219 
 511 740 
 438 609 
 352 501 
 319 323 
 152 830 
 54 1779 
 675 341 
 396 1044 
 330 1868 
 245 443 
 399 1355 
 179 718 
 179 118 
 579 718 
 11 819 
 280 364 
 59 244 
 580 204 
 450 804 
 350 306 
 578 1417 
 657 1813 
 20 1010 
 693 487 
 502 242 
 722 198 
 261 118 
 693 1279 
 691 447 
 653 1630 
 615 1348 
 607 738 
 577 427 
 48 1807 
 580 946 
 490 677 
 319 488 
 284 449 
 314 1360 
 168 225 
 133 219 
 299 1360 
 566 741 
 580 1190 
 80 225 
 280 185 
 537 1670 
 229 738 
 158 225 
 648 1114 
 253 301 
 694 718 
 580 1897 
 693 336 
 96 1901 
 41 1879 
 154 225 
 670 1274 
 607 740 
 728 323 
 567 305 
 121 220 
 693 1302 
 348 1670 
 528 751 
 580 121 
 61 738 
 280 284 
 691 1305 
 691 1769 
 371 1669 
 677 244 
 662 347 
 580 830 
 475 1861 
 545 250 
 42 830 
 693 564 
 271 740 
 533 303 
 140 888 
 104 734 
 80 1522 
 289 929 
 17 1909 
 496 898 
 140 431 
 578 1852 
 289 730 
 335 301 
 68 609 
 580 1748 
 39 1401 
 417 225 
 345 1154 
 138 1153 
 140 1763 
 21 1010 
 422 81 
 98 225 
 291 496 
 580 1821 
 669 848 
 151 1369 
 551 268 
 580 1303 
 662 487 
 580 887 
 497 1522 
 159 118 
 281 743 
 323 580 
 515 1522 
 140 24 
 369 1075 
 494 1112 
 558 736 
 580 1790 
 516 118 
 311 739 
 353 225 
 181 740 
 24 118 
 543 220 
 511 118 
 691 1364 
 96 431 
 658 718 
 722 1855 
 299 1776 
 449 75 
 208 1670 
 580 442 
 488 738 
 401 1523 
 210 341 
 515 740 
 693 434 
 312 1010 
 516 220 
 254 1523 
 316 1522 
 239 219 
 512 303 
 570 740 
 117 740 
 493 303 
 98 738 
 216 1522 
 252 738 
 155 718 
 528 315 
 714 250 
 502 301 
 319 751 
 693 1257 
 364 303 
 138 1533 
 479 751 
 580 1725 
 414 734 
 691 1790 
 275 898 
 650 687 
 693 348 
 580 1443 
 490 738 
 493 266 
 214 580 
 684 1589 
 173 1360 
 580 1911 
 182 549 
 216 1405 
 702 220 
 580 1267 
 596 306 
 280 363 
 531 303 
 691 1638 
 281 1405 
 728 608 
 667 1523 
 356 303 
 702 219 
 63 361 
 580 1606 
 675 555 
 493 739 
 252 1699 
 142 1673 
 472 1522 
 319 739 
 631 830 
 178 225 
 580 1193 
 347 1522 
 504 1665 
 188 713 
 701 804 
 350 730 
 156 502 
 691 434 
 319 867 
 96 99 
 580 1718 
 380 830 
 145 738 
 122 301 
 280 1360 
 152 740 
 675 431 
 570 830 
 239 830 
 185 739 
 472 118 
 516 580 
 580 226 
 558 305 
 613 804 
 185 677 
 113 739 
 577 209 
 684 736 
 182 703 
 140 1585 
 577 555 
 113 380 
 159 830 
 68 1291 
 693 1593 
 429 184 
 276 741 
 210 431 
 592 1868 
 369 75 
 566 244 
 132 118 
 529 301 
 691 1396 
 252 1035 
 140 608 
 103 1154 
 580 1279 
 179 225 
 177 581 
 515 738 
 543 242 
 558 301 
 580 1724 
 675 608 
 169 740 
 547 504 
 39 1400 
 163 580 
 350 804 
 121 1495 
 110 219 
 311 738 
 580 1638 
 140 1463 
 233 1523 
 76 303 
 497 301 
 288 225 
 328 361 
 670 1273 
 181 734 
 691 449 
 270 804 
 566 219 
 210 350 
 145 736 
 63 1044 
 718 1537 
 577 1035 
 169 830 
 157 515 
 580 1299 
 402 220 
 158 830 
 691 1004 
 511 1522 
 96 1299 
 129 220 
 474 1446 
 504 1209 
 502 1029 
 271 738 
 722 1859 
 280 496 
 291 242 
 220 323 
 169 718 
 691 1124 
 182 736 
 479 739 
 281 496 
 591 584 
 418 309 
 607 219 
 422 35 
 558 738 
 35 1108 
 731 303 
 393 1353 
 693 887 
 693 1270 
 675 103 
 516 738 
 169 1522 
 502 739 
 140 1298 
 289 898 
 158 301 
 182 219 
 691 482 
 430 1397 
 281 739 
 268 1044 
 722 1555 
 236 1868 
 662 1299 
 210 1270 
 679 942 
 580 1034 
 284 326 
 580 1676 
 104 549 
 117 114 
 254 839 
 271 225 
 731 301 
 263 702 
 121 219 
 20 488 
 364 225 
 693 1304 
 515 718 
 179 1673 
 580 1362 
 377 1532 
 473 118 
 516 1473 
 104 738 
 252 1859 
 96 70 
 210 1568 
 127 739 
 316 740 
 511 580 
 261 303 
 187 225 
 580 1665 
 96 350 
 140 1124 
 390 1532 
 546 862 
 728 351 
 691 52 
 200 734 
 445 225 
 570 303 
 675 102 
 158 118 
 677 738 
 579 734 
 693 226 
 468 255 
 420 219 
 401 489 
 580 344 
 226 1639 
 366 225 
 728 1305 
 220 1291 
 693 1590 
 570 118 
 140 1823 
 163 929 
 551 1868 
 693 1745 
 152 1522 
 58 303 
 280 1153 
 67 244 
 368 1361 
 210 117 
 186 1360 
 722 1904 
 185 363 
 400 740 
 580 103 
 697 736 
 547 502 
 164 740 
 577 1849 
 214 303 
 502 738 
 524 894 
 220 160 
 693 1666 
 558 303 
 693 148 
 693 1273 
 140 1396 
 164 225 
 29 1044 
 580 1060 
 140 804 
 124 250 
 678 740 
 227 303 
 391 1532 
 186 1669 
 96 1570 
 567 118 
 492 804 
 516 225 
 252 1396 
 328 1573 
 580 209 
 607 739 
 96 105 
 101 484 
 96 1417 
 181 1029 
 337 118 
 367 783 
 722 1535 
 580 1257 
 427 303 
 570 220 
 381 1350 
 275 719 
 372 1360 
 693 342 
 227 718 
 722 209 
 200 219 
 140 1572 
 303 1153 
 43 734 
 210 564 
 728 492 
 728 1299 
 61 303 
 496 583 
 280 301 
 639 740 
 577 1396 
 210 99 
 569 602 
 566 301 
 395 739 
 580 1497 
 723 1396 
 676 114 
 580 1305 
 58 225 
 429 956 
 126 118 
 495 1523 
 169 303 
 592 1871 
 76 1522 
 117 305 
 140 1881 
 78 225 
 412 738 
 580 89 
 369 1121 
 140 99 
 103 1044 
 583 1361 
 121 719 
 613 118 
 577 608 
 329 280 
 72 301 
 96 1491 
 140 1086 
 241 244 
 261 1154 
 662 1034 
 234 1361 
 140 743 
 580 1571 
 252 204 
 238 734 
 216 718 
 210 1858 
 662 1417 
 675 950 
 88 804 
 20 765 
 536 242 
 577 1528 
 400 738 
 562 741 
 281 118 
 691 923 
 99 225 
 708 1669 
 226 460 
 564 719 
 252 1124 
 613 361 
 210 492 
 662 496 
 405 280 
 477 602 
 440 1868 
 280 66 
 607 220 
 254 1522 
 580 40 
 199 785 
 693 1866 
 140 18 
 316 441 
 609 804 
 296 220 
 566 220 
 96 887 
 580 92 
 531 830 
 99 718 
 658 751 
 502 118 
 64 225 
 152 739 
 577 1592 
 182 1311 
 275 244 
 459 385 
 273 225 
 105 242 
 662 1606 
 96 346 
 437 580 
 192 303 
 693 946 
 613 738 
 728 1901 
 192 739 
 17 795 
 113 736 
 675 99 
 650 75 
 693 913 
 418 306 
 214 718 
 60 740 
 684 244 
 580 18 
 72 489 
 140 1750 
 496 738 
 546 1291 
 730 636 
 570 225 
 96 555 
 140 1033 
 494 804 
 290 1667 
 181 1473 
 531 703 
 140 1034 
 693 447 
 261 740 
 577 293 
 165 830 
 395 303 
 687 1673 
 300 303 
 48 702 
 159 740 
 244 742 
 607 303 
 693 1606 
 113 301 
 667 740 
 273 303 
 350 1822 
 140 340 
 70 1674 
 324 1667 
 198 1799 
 580 608 
 345 1044 
 496 581 
 497 1605 
 254 740 
 723 851 
 691 1430 
 35 1113 
 578 355 
 377 932 
 580 1107 
 543 244 
 577 447 
 675 1443 
 577 323 
 63 703 
 485 1523 
 468 250 
 110 220 
 69 303 
 728 801 
 299 1868 
 722 1897 
 722 1440 
 64 739 
 26 1336 
 96 1300 
 210 487 
 224 318 
 117 118 
 96 1859 
 356 718 
 468 898 
 693 211 
 270 739 
 693 97 
 722 1721 
 713 718 
 117 301 
 693 1793 
 440 785 
 291 738 
 232 220 
 722 912 
 622 501 
 96 851 
 725 581 
 328 364 
 650 1701 
 169 225 
 505 929 
 622 502 
 136 1677 
 684 242 
 261 323 
 46 244 
 280 867 
 577 1830 
 187 220 
 191 244 
 650 1900 
 682 1522 
 117 741 
 166 1807 
 580 1282 
 468 580 
 140 204 
 195 370 
 311 225 
 87 740 
 318 1401 
 693 21 
 101 785 
 353 301 
 152 301 
 80 734 
 689 1519 
 139 225 
 229 250 
 63 1360 
 48 1154 
 650 3 
 353 118 
 18 702 
 580 108 
 61 220 
 497 1635 
 577 356 
 210 1852 
 454 1619 
 722 1723 
 696 1523 
 76 1523 
 691 1300 
 516 301 
 717 225 
 140 1767 
 246 619 
 182 1405 
 198 804 
 693 52 
 484 1354 
 163 730 
 220 1534 
 323 804 
 350 1635 
 577 1124 
 401 740 
 457 118 
 577 946 
 662 1107 
 139 1522 
 693 1898 
 351 804 
 210 293 
 54 1360 
 200 220 
 104 220 
 281 225 
 429 1523 
 287 278 
 531 738 
 493 301 
 182 739 
 330 1360 
 343 793 
 507 303 
 414 244 
 580 97 
 516 1532 
 234 739 
 550 242 
 136 1010 
 20 730 
 234 1522 
 167 1280 
 550 250 
 142 185 
 684 1523 
 578 1307 
 693 419 
 693 922 
 144 500 
 566 225 
 143 503 
 693 1417 
 580 1335 
 134 225 
 558 242 
 358 867 
 145 734 
 318 1400 
 500 370 
 385 1534 
 398 1532 
 546 531 
 200 1154 
 577 431 
 675 1035 
 657 303 
 580 1035 
 64 1252 
 591 1871 
 722 293 
 16 719 
 675 345 
 577 967 
 488 1154 
 168 738 
 722 1302 
 654 361 
 675 1553 
 429 305 
 711 1789 
 650 1902 
 566 1274 
 175 1605 
 580 1908 
 693 1567 
 216 830 
 307 1102 
 675 1302 
 673 1113 
 80 1523 
 261 738 
 349 1779 
 252 801 
 210 1665 
 692 740 
 96 442 
 181 718 
 577 1536 
 37 751 
 722 480 
 516 718 
 145 740 
 210 1491 
 722 1426 
 291 737 
 728 1767 
 333 184 
 459 738 
 356 739 
 323 1778 
 104 739 
 613 1523 
 227 739 
 691 1678 
 667 718 
 321 1534 
 622 500 
 149 734 
 289 751 
 145 741 
 337 739 
 300 738 
 350 677 
 239 740 
 497 1604 
 321 928 
 140 352 
 386 1355 
 353 303 
 515 1154 
 315 718 
 238 740 
 427 244 
 143 502 
 488 1815 
 678 739 
 229 719 
 101 1361 
 140 1793 
 722 612 
 693 350 
 366 1175 
 227 225 
 271 830 
 59 743 
 675 1091 
 722 913 
 273 830 
 722 1881 
 546 1522 
 722 29 
 59 734 
 37 1360 
 223 78 
 311 740 
 711 713 
 580 641 
 643 118 
 350 1736 
 214 738 
 192 380 
 577 341 
 238 242 
 493 1523 
 693 1443 
 580 1745 
 693 1365 
 466 303 
 122 303 
 104 225 
 692 955 
 577 1568 
 691 442 
 560 830 
 135 1397 
 99 740 
 691 426 
 580 1678 
 722 641 
 693 1189 
 182 1044 
 99 1469 
 693 950 
 358 1523 
 466 118 
 714 242 
 185 225 
 76 830 
 26 150 
 511 301 
 384 664 
 722 492 
 145 305 
 281 220 
 720 317 
 63 76 
 216 301 
 140 1568 
 400 718 
 607 736 
 684 718 
 675 801 
 356 1593 
 280 739 
 662 103 
 677 118 
 580 21 
 691 1138 
 350 713 
 140 1138 
 20 160 
 675 449 
 472 225 
 679 167 
 693 99 
 72 1620 
 263 1154 
 319 1292 
 641 303 
 356 830 
 571 1473 
 577 1279 
 527 739 
 140 1365 
 76 739 
 96 447 
 580 1629 
 43 737 
 577 867 
 678 301 
 210 442 
 529 1522 
 728 867 
 580 472 
 140 29 
 713 118 
 722 1262 
 402 225 
 273 942 
 144 1350 
 437 244 
 318 1291 
 332 1667 
 289 580 
 693 105 
 20 713 
 675 1303 
 670 1268 
 252 1678 
 222 1361 
 232 1532 
 334 1401 
 300 219 
 229 1526 
 722 1107 
 662 1035 
 349 1075 
 662 349 
 163 1448 
 76 225 
 490 683 
 580 52 
 571 677 
 577 1759 
 577 351 
 643 1807 
 714 244 
 64 830 
 564 323 
 39 1399 
 340 1667 
 477 702 
 675 1665 
 252 1667 
 402 740 
 182 830 
 69 830 
 722 1866 
 580 901 
 140 1035 
 577 342 
 708 1667 
 174 1155 
 674 303 
 580 434 
 178 1522 
 657 830 
 145 225 
 675 1417 
 280 1044 
 99 830 
 580 449 
 300 677 
 229 734 
 577 1581 
 289 1605 
 546 942 
 138 850 
 580 1590 
 335 305 
 319 804 
 693 1768 
 580 888 
 271 220 
 722 472 
 226 466 
 288 738 
 200 738 
 400 118 
 138 1532 
 577 426 
 246 620 
 577 70 
 422 1386 
 374 1252 
 577 1700 
 234 1670 
 150 932 
 216 118 
 395 225 
 261 1560 
 270 363 
 722 1362 
 677 301 
 691 1634 
 182 1705 
 696 739 
 658 830 
 472 303 
 238 244 
 332 1291 
 360 1397 
 291 225 
 22 184 
 647 1361 
 570 718 
 486 380 
 319 920 
 502 303 
 580 1284 
 327 549 
 459 386 
 64 862 
 165 1044 
 675 69 
 216 739 
 658 244 
 61 225 
 577 350 
 271 1522 
 693 924 
 493 118 
 164 303 
 662 1669 
 360 474 
 104 718 
 531 718 
 289 719 
 662 340 
 482 1693 
 140 496 
 577 1901 
 502 250 
 177 606 
 722 1304 
 20 484 
 662 830 
 227 1523 
 662 447 
 140 102 
 650 1740 
 200 225 
 284 651 
 611 1397 
 181 739 
 648 1113 
 562 738 
 693 1678 
 78 1523 
 580 62 
 99 1523 
 210 434 
 545 242 
 318 1399 
 558 244 
 290 1670 
 210 1641 
 369 81 
 60 738 
 566 1523 
 577 816 
 540 1415 
 497 1154 
 429 301 
 474 1447 
 577 1862 
 580 801 
 678 738 
 675 1641 
 580 348 
 720 316 
 224 1807 
 396 1045 
 328 804 
 580 1747 
 347 739 
 281 323 
 354 363 
 691 1629 
 76 118 
 98 898 
 484 1355 
 507 250 
 96 1167 
 722 69 
 113 738 
 693 18 
 675 323 
 154 1523 
 693 813 
 71 1669 
 261 1523 
 722 426 
 166 830 
 691 1365 
 169 1534 
 311 244 
 297 1044 
 657 1044 
 468 677 
 466 1522 
 393 1357 
 140 1570 
 294 1669 
 129 839 
 393 1354 
 580 22 
 358 323 
 691 1570 
 311 581 
 61 740 
 308 1522 
 311 737 
 418 1212 
 222 1360 
 658 1045 
 166 739 
 693 1742 
 271 301 
 691 1581 
 676 718 
 80 740 
 210 1254 
 191 250 
 233 1522 
 48 751 
 661 1473 
 580 961 
 154 1522 
 675 442 
 145 830 
 579 740 
 311 743 
 210 612 
 468 244 
 691 1299 
 580 1556 
 515 1523 
 400 225 
 166 862 
 475 118 
 662 1300 
 493 250 
 238 225 
 457 1473 
 182 1522 
 579 1589 
 99 1473 
 556 1673 
 501 1549 
 497 830 
 654 804 
 264 460 
 163 719 
 507 738 
 318 1448 
 252 487 
 577 529 
 273 1154 
 731 118 
 26 1339 
 182 1523 
 520 220 
 580 1570 
 185 1044 
 371 1667 
 185 1523 
 726 29 
 693 903 
 722 1335 
 570 301 
 59 736 
 129 1674 
 53 1523 
 311 242 
 181 225 
 463 785 
 722 55 
 90 1449 
 488 839 
 254 118 
 252 496 
 515 225 
 727 1520 
 695 389 
 181 1523 
 728 99 
 725 352 
 722 1005 
 90 1400 
 691 70 
 380 1534 
 608 1212 
 337 738 
 668 225 
 671 242 
 245 581 
 319 730 
 580 924 
 58 738 
 584 244 
 580 1823 
 657 738 
 99 301 
 675 529 
 493 242 
 678 118 
 59 220 
 691 1901 
 425 955 
 488 303 
 474 580 
 577 492 
 185 380 
 693 1657 
 614 244 
 140 449 
 691 1763 
 710 156 
 485 286 
 78 738 
 189 167 
 693 608 
 283 1532 
 140 1606 
 323 602 
 195 1684 
 260 220 
 696 738 
 416 1361 
 353 66 
 161 1360 
 401 738 
 688 739 
 530 604 
 684 225 
 691 1906 
 238 301 
 231 1360 
 210 69 
 685 1670 
 715 242 
 252 1299 
 722 1441 
 580 905 
 291 301 
 335 184 
 54 1112 
 413 1044 
 343 792 
 662 888 
 226 751 
 527 303 
 693 1004 
 558 1589 
 64 118 
 210 1293 
 728 1570 
 490 703 
 350 301 
 404 250 
 281 734 
 691 1101 
 59 738 
 210 1786 
 131 677 
 216 1576 
 527 738 
 158 718 
 693 529 
 675 1606 
 490 1311 
 66 1511 
 577 208 
 178 496 
 693 103 
 580 851 
 90 1448 
 42 738 
 59 740 
 722 18 
 226 1212 
 533 734 
 490 303 
 578 1172 
 96 487 
 453 306 
 631 118 
 520 219 
 693 1901 
 340 1670 
 675 1759 
 691 555 
 20 677 
 615 605 
 502 730 
 300 739 
 68 289 
 265 851 
 194 1280 
 401 225 
 580 1826 
 693 152 
 447 1669 
 179 740 
 540 278 
 693 1303 
 140 351 
 80 830 
 300 830 
 577 1570 
 211 1360 
 580 765 
 722 1297 
 169 738 
 277 301 
 214 1522 
 722 482 
 569 1630 
 261 1522 
 182 301 
 529 739 
 356 1154 
 96 915 
 691 801 
 300 498 
 387 734 
 77 498 
 496 823 
 657 1814 
 580 1004 
 313 118 
 662 1491 
 96 480 
 648 1115 
 155 118 
 156 501 
 580 1222 
 402 738 
 401 718 
 222 1871 
 657 301 
 182 743 
 300 713 
 210 1086 
 17 703 
 140 20 
 200 718 
 639 718 
 697 220 
 140 1150 
 657 1815 
 508 677 
 679 830 
 387 718 
 271 739 
 693 966 
 76 1532 
 715 244 
 182 734 
 337 303 
 208 1669 
 657 1522 
 393 1355 
 35 602 
 691 1866 
 364 703 
 582 1870 
 577 1305 
 578 1901 
 96 293 
 300 305 
 693 1150 
 71 1670 
 358 830 
 145 718 
 722 1290 
 662 1667 
 722 434 
 373 255 
 140 877 
 115 751 
 722 149 
 577 69 
 693 1908 
 493 1044 
 684 741 
 722 1572 
 726 426 
 252 1669 
 564 867 
 67 250 
 187 219 
 722 651 
 15 361 
 472 301 
 321 804 
 543 1154 
 163 804 
 140 612 
 117 225 
 175 1397 
 402 736 
 96 351 
 577 487 
 334 1399 
 497 118 
 437 242 
 58 1522 
 580 1881 
 564 677 
 711 730 
 179 738 
 577 817 
 691 1852 
 414 738 
 693 340 
 236 1776 
 60 739 
 580 1723 
 558 734 
 85 1044 
 145 1405 
 454 1879 
 96 1293 
 479 742 
 487 804 
 582 1175 
 59 718 
 176 1360 
 240 185 
 312 804 
 316 1523 
 484 1351 
 214 739 
 530 1044 
 497 740 
 658 225 
 216 303 
 241 1523 
 686 320 
 163 1620 
 185 303 
 579 830 
 502 830 
 113 740 
 507 225 
 147 118 
 579 738 
 693 323 
 401 114 
 580 1033 
 712 1362 
 182 225 
 577 1657 
 617 677 
 140 347 
 533 740 
 96 1295 
 16 1807 
 429 1522 
 722 966 
 52 363 
 484 572 
 241 1522 
 414 567 
 229 739 
 580 630 
 196 242 
 675 351 
 726 651 
 356 244 
 722 334 
 527 718 
 507 830 
 311 219 
 122 718 
 399 1354 
 722 1273 
 124 244 
 116 1063 
 169 1311 
 486 702 
 726 851 
 63 738 
 96 323 
 653 1361 
 291 804 
 244 702 
 580 1859 
 675 342 
 67 1029 
 142 1654 
 136 1807 
 335 677 
 133 220 
 577 1597 
 693 1060 
 367 1582 
 384 1654 
 691 103 
 722 1852 
 236 1360 
 469 739 
 158 496 
 691 851 
 63 1523 
 464 1673 
 469 955 
 671 303 
 693 341 
 722 817 
 263 751 
 728 1793 
 691 108 
 253 830 
 695 1209 
 639 738 
 691 429 
 194 1871 
 490 862 
 64 718 
 129 225 
 250 709 
 238 718 
 577 1750 
 252 492 
 450 792 
 662 350 
 127 1469 
 676 184 
 693 1497 
 675 1254 
 577 1678 
 239 225 
 577 1004 
 445 740 
 48 1523 
 129 219 
 691 1035 
 359 804 
 358 242 
 261 718 
 579 303 
 329 1360 
 515 220 
 238 739 
 566 1522 
 210 1901 
 691 1553 
 493 740 
 580 1417 
 422 1075 
 684 734 
 695 386 
 662 1891 
 185 1184 
 412 734 
 244 225 
 419 739 
 722 576 
 577 1138 
 76 718 
 64 1522 
 163 1154 
 579 305 
 122 741 
 577 21 
 96 449 
 517 1523 
 546 751 
 194 1868 
 99 739 
 140 442 
 580 487 
 210 1629 
 275 225 
 207 1399 
 667 301 
 622 504 
 71 1667 
 350 156 
 109 1523 
 358 1669 
 577 1585 
 577 1757 
 35 81 
 276 736 
 580 198 
 691 876 
 109 1576 
 675 489 
 288 739 
 577 877 
 728 1491 
 181 738 
 488 830 
 185 301 
 404 242 
 722 1585 
 17 1599 
 504 1212 
 330 1361 
 101 1776 
 121 301 
 693 355 
 643 718 
 98 739 
 693 1638 
 185 185 
 80 738 
 722 650 
 252 431 
 463 1360 
 679 1861 
 667 225 
 691 765 
 693 641 
 116 1018 
 227 738 
 528 765 
 185 496 
 238 738 
 236 1361 
 291 743 
 264 1529 
 200 244 
 151 1817 
 140 1305 
 612 718 
 236 1630 
 691 887 
 537 1667 
 540 883 
 152 303 
 664 1509 
 153 1153 
 580 1365 
 577 346 
 278 1584 
 423 804 
 580 1426 
 675 1570 
 182 738 
 571 830 
 450 1212 
 210 608 
 109 1010 
 405 1776 
 64 738 
 210 1299 
 678 736 
 178 323 
 495 118 
 108 1677 
 580 447 
 722 1851 
 48 1522 
 157 508 
 537 1669 
 580 440 
 405 386 
 134 1667 
 182 1532 
 104 219 
 567 303 
 140 1678 
 577 102 
 252 447 
 693 1581 
 627 1914 
 384 572 
 22 1523 
 64 822 
 77 589 
 453 318 
 401 739 
 366 488 
 393 850 
 693 630 
 725 851 
 577 1298 
 350 489 
 659 118 
 570 738 
 60 225 
 254 1044 
 140 564 
 429 955 
 693 1741 
 270 1879 
 675 1884 
 159 225 
 252 1581 
 401 118 
 83 1529 
 511 830 
 61 734 
 273 400 
 490 118 
 22 1522 
 308 301 
 347 740 
 445 738 
 693 1661 
 646 894 
 677 242 
 564 301 
 301 830 
 728 1859 
 688 738 
 175 830 
 580 1741 
 577 345 
 288 830 
 216 738 
 210 867 
 662 1297 
 311 734 
 239 928 
 210 345 
 493 730 
 580 1032 
 420 114 
 72 1532 
 299 386 
 280 1154 
 168 219 
 210 355 
 214 1523 
 136 1675 
 354 1044 
 655 730 
 395 738 
 80 955 
 319 363 
 595 1534 
 159 303 
 580 1150 
 299 1361 
 691 419 
 675 347 
 511 303 
 140 1847 
 178 250 
 577 1060 
 185 738 
 68 1840 
 140 739 
 546 323 
 580 1091 
 722 70 
 496 1673 
 727 1519 
 496 1674 
 319 1291 
 104 305 
 642 303 
 580 1834 
 275 1522 
 615 76 
 511 739 
 507 1522 
 423 363 
 59 1589 
 253 1154 
 229 242 
 543 303 
 580 20 
 580 69 
 693 208 
 127 830 
 627 235 
 368 370 
 291 734 
 484 1353 
 722 1172 
 429 498 
 13 488 
 261 1044 
 675 1193 
 418 278 
 42 740 
 140 1491 
 296 303 
 402 734 
 210 1060 
 497 1044 
 496 839 
 374 1238 
 186 1522 
 504 1777 
 524 804 
 289 804 
 210 1606 
 146 303 
 577 1638 
 329 1343 
 580 1851 
 96 340 
 580 1189 
 254 496 
 547 503 
 109 1522 
 145 743 
 96 1821 
 722 1718 
 577 1553 
 200 736 
 303 804 
 580 350 
 722 1629 
 580 816 
 662 1593 
 427 250 
 240 890 
 140 1593 
 495 1405 
 280 323 
 64 266 
 516 1522 
 145 219 
 399 1353 
 538 1473 
 502 932 
 292 225 
 580 799 
 580 1137 
 692 956 
 675 1270 
 210 1859 
 507 1523 
 511 1405 
 580 439 
 693 204 
 464 1674 
 577 1365 
 577 1763 
 580 431 
 117 830 
 389 1670 
 675 1305 
 308 718 
 664 1817 
 674 305 
 558 225 
 17 894 
 580 216 
 192 740 
 695 388 
 662 867 
 319 740 
 239 739 
 529 1154 
 693 1592 
 182 118 
 531 225 
 513 1669 
 370 1010 
 210 482 
 673 1115 
 369 1123 
 570 1522 
 657 1672 
 260 219 
 252 1297 
 671 244 
 186 1361 
 87 738 
 728 1300 
 241 250 
 450 793 
 693 1491 
 577 1874 
 693 1107 
 580 1904 
 236 786 
 20 380 
 693 576 
 675 612 
 404 303 
 254 225 
 159 738 
 352 504 
 579 242 
 662 341 
 436 1670 
 273 1673 
 365 932 
 140 876 
 210 149 
 101 112 
 684 118 
 516 830 
 63 118 
 140 851 
 729 318 
 145 220 
 210 888 
 497 738 
 370 242 
 254 738 
 580 346 
 579 1405 
 691 487 
 58 830 
 252 1491 
 502 266 
 368 1868 
 33 830 
 466 1523 
 185 540 
 422 1779 
 577 1107 
 558 220 
 254 1154 
 294 1670 
 90 1399 
 722 1858 
 288 740 
 216 740 
 244 301 
 140 447 
 662 1124 
 163 1568 
 562 742 
 207 1449 
 96 492 
 580 419 
 580 815 
 583 1360 
 639 220 
 693 1271 
 42 220 
 140 1443 
 63 225 
 435 734 
 496 740 
 691 28 
 167 295 
 275 301 
 65 1670 
 497 225 
 570 1523 
 722 815 
 275 220 
 677 303 
 580 1641 
 26 1340 
 691 1497 
 677 736 
 580 576 
 30 244 
 83 1639 
 332 117 
 140 1032 
 210 1300 
 423 361 
 422 1120 
 577 1891 
 358 1670 
 354 1807 
 244 830 
 68 380 
 675 1491 
 546 1495 
 731 738 
 670 1271 
 210 344 
 421 167 
 64 1914 
 691 1786 
 139 1523 
 691 226 
 15 380 
 497 496 
 580 358 
 140 1301 
 493 496 
 580 547 
 577 1254 
 482 412 
 318 1427 
 330 1776 
 722 1768 
 673 1114 
 722 1420 
 178 118 
 580 1858 
 580 913 
 728 487 
 244 740 
 577 442 
 149 225 
 59 739 
 693 345 
 643 225 
 675 208 
 677 718 
 722 1417 
 210 70 
 238 303 
 373 244 
 577 1417 
 149 303 
 117 738 
 352 502 
 657 739 
 578 1665 
 580 135 
 657 740 
 580 1441 
 364 220 
 96 1699 
 666 1522 
 291 736 
 323 1620 
 657 718 
 117 303 
 252 1670 
 488 718 
 273 739 
 159 301 
 381 500 
 551 1871 
 566 242 
 364 718 
 676 1405 
 60 301 
 580 1568 
 702 225 
 140 345 
 350 303 
 319 1029 
 419 741 
 675 1901 
 318 1449 
 658 734 
 400 677 
 121 531 
 254 718 
 580 1721 
 691 496 
 344 1360 
 210 1581 
 168 1532 
 495 739 
 328 1532 
 179 1523 
 490 1522 
 496 677 
 140 1721 
 577 55 
 100 1044 
 577 1832 
 185 1522 
 536 244 
 377 1534 
 179 739 
 691 922 
 64 185 
 580 1767 
 96 612 
 667 738 
 216 1573 
 252 1879 
 533 219 
 350 1010 
 151 1509 
 708 1670 
 210 161 
 675 887 
 300 740 
 517 130 
 191 830 
 466 739 
 254 303 
 490 225 
 210 1305 
 16 531 
 281 718 
 396 830 
 138 761 
 152 225 
 125 1353 
 117 703 
 533 738 
 689 138 
 74 1534 
 688 303 
 216 225 
 159 739 
 722 1193 
 96 608 
 643 740 
 144 459 
 96 1270 
 458 225 
 405 1291 
 387 830 
 683 185 
 192 738 
 722 1497 
 723 1665 
 691 924 
 693 347 
 529 244 
 722 439 
 669 849 
 538 830 
 398 1534 
 577 1793 
 463 1868 
 148 1777 
 196 244 
 241 739 
 580 1751 
 693 1718 
 546 740 
 136 167 
 693 1725 
 722 774 
 356 1044 
 200 1589 
 675 429 
 163 496 
 229 740 
 395 301 
 471 502 
 580 1555 
 328 1533 
 722 1365 
 327 1523 
 252 1086 
 558 737 
 720 1782 
 259 1446 
 96 1138 
 580 435 
 210 208 
 699 1522 
 281 301 
 290 1669 
 527 118 
 72 830 
 164 301 
 502 185 
 238 219 
 678 1522 
 693 28 
 580 105 
 153 804 
 101 443 
 327 441 
 693 326 
 580 899 
 398 1533 
 260 225 
 722 630 
 451 1870 
 493 185 
 613 1044 
 64 730 
 76 301 
 566 734 
 722 1665 
 702 184 
 175 1473 
 661 830 
 140 1629 
 36 830 
 210 1793 
 350 1654 
 140 209 
 366 713 
 495 738 
 199 443 
 163 284 
 533 220 
 345 830 
 23 130 
 210 1723 
 558 740 
 546 1167 
 59 301 
 580 1420 
 658 839 
 663 298 
 64 1523 
 26 228 
 179 830 
 199 1361 
 234 1669 
 692 739 
 440 1360 
 580 1270 
 140 1786 
 693 1665 
 96 1724 
 502 740 
 248 1044 
 697 225 
 459 830 
 693 1035 
 158 739 
 543 734 
 455 1871 
 324 1670 
 318 1450 
 121 242 
 677 1154 
 579 743 
 178 605 
 281 1673 
 693 1066 
 662 1570 
 675 1124 
 254 830 
 210 1570 
 580 1300 
 236 1343 
 169 220 
 195 1607 
 540 371 
 488 1044 
 179 114 
 713 830 
 664 498 
 675 1874 
 140 1866 
 239 1523 
 125 1354 
 370 244 
 229 1473 
 650 1895 
 693 1034 
 405 1630 
 693 496 
 675 350 
 238 1405 
 210 446 
 517 1522 
 276 743 
 367 588 
 670 1267 
 273 740 
 728 612 
 264 1639 
 693 418 
 580 922 
 722 816 
 580 418 
 143 500 
 140 799 
 693 1124 
 580 1742 
 662 816 
 580 1847 
 117 219 
 546 830 
 121 244 
 685 1669 
 210 211 
 281 738 
 475 323 
 182 496 
 693 351 
 473 718 
 252 867 
 96 867 
 76 738 
 496 380 
 691 1793 
 354 361 
 510 1868 
 533 225 
 684 219 
 400 301 
 210 555 
 427 242 
 279 751 
 533 830 
 527 225 
 693 1844 
 655 1176 
 28 184 
 580 1752 
 431 1360 
 104 301 
 64 303 
 580 529 
 495 718 
 543 862 
 580 1304 
 163 1605 
 223 1007 
 580 1296 
 555 1550 
 140 350 
 580 334 
 691 1491 
 131 209 
 482 1662 
 142 1807 
 364 301 
 99 1417 
 566 740 
 182 305 
 96 345 
 443 1777 
 319 1064 
 667 1522 
 35 1123 
 229 830 
 423 1534 
 137 804 
 634 714 
 691 1297 
 722 216 
 684 301 
 472 740 
 580 1852 
 144 502 
 353 1705 
 529 1473 
 607 225 
 300 1654 
 63 739 
 179 540 
 319 677 
 351 894 
 507 739 
 289 1654 
 185 740 
 252 1534 
 718 370 
 577 419 
 328 703 
 580 1364 
 358 244 
 591 1868 
 175 862 
 696 830 
 181 1522 
 291 867 
 354 301 
 580 1759 
 566 718 
 275 250 
 109 1573 
 182 740 
 580 1440 
 667 305 
 57 719 
 691 1593 
 104 303 
 134 830 
 693 1091 
 65 1669 
 658 736 
 179 220 
 493 646 
 577 204 
 120 804 
 90 1450 
 152 1311 
 580 1491 
 158 303 
 103 830 
 429 549 
 78 740 
 115 185 
 385 741 
 488 225 
 227 1405 
 577 326 
 516 734 
 387 1523 
 350 225 
 675 1060 
 101 1360 
 691 1881 
 140 801 
 662 351 
 64 1044 
 675 1767 
 334 1400 
 472 739 
 722 1821 
 134 1670 
 53 1522 
 658 862 
 17 898 
 577 349 
 693 1284 
 140 1270 
 693 1676 
 690 1223 
 543 219 
 507 242 
 503 1153 
 236 785 
 316 184 
 220 1348 
 96 1282 
 133 301 
 214 740 
 393 572 
 675 1086 
 580 269 
 411 734 
 497 1523 
 579 736 
 117 743 
 159 718 
 17 1654 
 722 1911 
 675 482 
 344 469 
 38 225 
 457 830 
 543 738 
 358 677 
 140 346 
 271 1523 
 649 235 
 59 303 
 531 1044 
 722 341 
 693 915 
 252 345 
 510 1527 
 458 894 
 159 1522 
 182 220 
 675 52 
 175 1154 
 140 738 
 675 496 
 580 612 
 494 1779 
 113 737 
 495 830 
 418 581 
 200 740 
 414 739 
 115 581 
 306 220 
 353 718 
 693 1884 
 675 336 
 718 1506 
 691 427 
 556 637 
 311 830 
 186 1670 
 714 739 
 381 504 
 131 1736 
 140 1852 
 693 1307 
 90 1212 
 546 1620 
 7 492 
 155 740 
 650 1803 
 393 143 
 638 1311 
 231 1361 
 691 431 
 675 1881 
 693 1830 
 148 1212 
 693 346 
 395 740 
 117 718 
 76 740 
 660 823 
 529 830 
 577 1590 
 650 4 
 580 1884 
 605 894 
 580 1901 
 182 741 
 675 1891 
 639 303 
 580 1763 
 59 118 
 497 739 
 87 739 
 577 1844 
 152 549 
 254 305 
 693 1426 
 188 602 
 93 686 
 675 1364 
 348 1669 
 140 424 
 693 349 
 675 356 
 577 1665 
 472 738 
 496 966 
 232 225 
 722 887 
 96 1665 
 693 888 
 162 804 
 350 244 
 152 118 
 609 785 
 577 355 
 507 740 
 271 718 
 420 718 
 30 242 
 370 250 
 580 1844 
 695 385 
 163 1914 
 210 529 
 722 1032 
 675 1257 
 129 1673 
 210 641 
 403 1667 
 577 340 
 693 1068 
 98 303 
 691 867 
 214 830 
 662 345 
 693 1748 
 566 736 
 580 341 
 445 739 
 724 397 
 502 1523 
 177 582 
 99 118 
 117 739 
 693 1881 
 479 741 
 722 348 
 513 1667 
 698 184 
 607 737 
 366 677 
 693 912 
 580 427 
 691 816 
 493 309 
 350 1292 
 482 532 
 99 1522 
 186 1523 
 67 242 
 158 1522 
 280 738 
 722 1034 
 580 24 
 580 214 
 693 1897 
 99 220 
 96 1305 
 94 734 
 164 830 
 340 1669 
 60 677 
 381 501 
 138 235 
 58 739 
 352 500 
 730 718 
 691 1606 
 654 363 
 201 301 
 728 447 
 7 750 
 393 761 
 133 244 
 201 738 
 350 1044 
 301 1053 
 33 185 
 210 323 
 366 1522 
 140 103 
 675 1295 
 96 876 
 96 1725 
 455 1868 
 96 1060 
 694 742 
 454 804 
 485 1870 
 675 447 
 636 301 
 80 718 
 366 380 
 577 1086 
 691 1862 
 567 738 
 354 804 
 182 718 
 261 496 
 577 1091 
 140 817 
 37 689 
 662 1670 
 171 1522 
 580 555 
 577 1881 
 722 40 
 319 1361 
 691 1362 
 493 738 
 144 501 
 300 225 
 168 830 
 261 739 
 362 898 
 175 823 
 566 739 
 726 492 
 279 1397 
 200 739 
 384 655 
 140 1901 
 252 1154 
 502 795 
 236 386 
 280 1523 
 210 816 
 662 342 
 555 1549 
 675 1678 
 677 830 
 173 1361 
 511 738 
 401 305 
 37 804 
 210 447 
 232 1522 
 472 549 
 580 152 
 64 242 
 580 1572 
 459 740 
 153 361 
 515 1777 
 693 1069 
 479 738 
 675 355 
 722 529 
 658 581 
 675 346 
 183 1534 
 501 1550 
 675 28 
 693 1032 
 185 703 
 696 225 
 213 707 
 533 301 
 210 1193 
 580 479 
 503 804 
 210 1572 
 210 817 
 725 1665 
 675 867 
 65 1667 
 408 1360 
 728 355 
 577 1491 
 358 496 
 290 609 
 117 1522 
 35 1121 
 252 1365 
 731 740 
 675 1594 
 78 1029 
 140 28 
 580 149 
 675 1531 
 684 305 
 494 81 
 578 1570 
 675 340 
 592 1280 
 192 830 
 529 740 
 301 580 
 613 303 
 239 220 
 730 66 
 210 851 
 562 225 
 168 928 
 580 1786 
 580 70 
 276 738 
 285 804 
 580 492 
 178 1523 
 96 211 
 387 741 
 722 1769 
 657 167 
 577 1270 
 677 740 
 463 1361 
 580 1769 
 253 1673 
 346 1360 
 224 320 
 693 1101 
 155 738 
 418 602 
 662 492 
 252 888 
 308 1523 
 257 747 
 244 741 
 637 1194 
 687 1044 
 270 722 
 459 1209 
 631 1673 
 185 1183 
 577 1594 
 693 1033 
 580 351 
 59 830 
 691 817 
 423 1522 
 693 1138 
 577 446 
 689 1520 
 179 1522 
 577 1364 
 63 363 
 693 1641 
 364 830 
 177 1861 
 182 303 
 104 741 
 547 505 
 122 220 
 303 361 
 368 1630 
 26 1216 
 532 804 
 693 431 
 405 1360 
 210 1752 
 580 865 
 607 734 
 546 804 
 722 1531 
 675 487 
 42 1522 
 692 738 
 724 298 
 200 830 
 493 1154 
 580 1835 
 663 397 
 329 1361 
 145 118 
 580 1567 
 163 361 
 728 1665 
 204 637 
 400 830 
 140 1299 
 658 1589 
 566 743 
 64 580 
 459 1523 
 479 740 
 412 740 
 185 66 
 200 737 
 558 118 
 60 736 
 693 1086 
 379 1670 
 217 1397 
 400 713 
 650 1125 
 148 1209 
 354 488 
 346 1361 
 493 1522 
 677 823 
 164 739 
 581 130 
 250 830 
 385 739 
 728 915 
 579 301 
 61 305 
 196 1473 
 529 738 
 726 1417 
 377 1533 
 511 225 
 436 1669 
 318 739 
 571 1673 
 429 677 
 543 225 
 691 1572 
 210 449 
 580 903 
 722 1884 
 694 303 
 562 740 
 678 737 
 580 867 
 414 242 
 423 703 
 249 250 
 543 301 
 63 301 
 693 817 
 652 1669 
 96 108 
 273 738 
 241 242 
 617 898 
 261 830 
 433 1679 
 545 244 
 449 1807 
 693 492 
 281 303 
 122 1522 
 358 301 
 693 439 
 722 548 
 472 1311 
 488 862 
 471 501 
 429 303 
 580 1855 
 691 1306 
 502 225 
 558 219 
 379 1669 
 275 677 
 64 740 
 507 301 
 495 225 
 543 305 
 281 219 
 358 1522 
 121 225 
 196 118 
 139 219 
 121 677 
 401 303 
 158 738 
 64 244 
 281 1522 
 311 305 
 63 185 
 252 1638 
 493 225 
 72 804 
 577 103 
 529 1523 
 358 303 
 662 326 
 171 894 
 140 426 
 531 740 
 677 734 
 496 1635 
 276 737 
 580 1743 
 252 1904 
 344 806 
 167 1871 
 252 1300 
 220 76 
 527 740 
 577 347 
 675 888 
 327 1775 
 653 1360 
 691 877 
 695 1212 
 693 555 
 323 1738 
 691 1417 
 662 1033 
 580 359 
 533 305 
 99 305 
 577 923 
 201 830 
 39 581 
 671 118 
 546 898 
 327 894 
 140 961 
 693 1553 
 63 303 
 515 804 
 191 242 
 131 816 
 722 217 
 210 946 
 662 1305 
 684 740 
 684 220 
 691 888 
 151 294 
 26 75 
 675 149 
 214 301 
 662 346 
 244 303 
 270 361 
 562 739 
 121 250 
 214 1417 
 609 751 
 496 301 
 96 1881 
 509 469 
 675 915 
 658 242 
 96 356 
 577 1852 
 144 504 
 266 830 
 419 830 
 23 126 
 657 1523 
 129 1523 
 168 932 
 59 242 
 567 718 
 117 220 
 96 1793 
 562 303 
 207 1401 
 580 55 
 730 830 
 677 225 
 35 830 
 580 446 
 387 220 
 652 804 
 64 1673 
 722 801 
 60 718 
 20 1630 
 693 1296 
 96 1879 
 185 361 
 98 734 
 311 1589 
 685 1667 
 319 185 
 229 244 
 117 1405 
 64 301 
 99 303 
 193 1817 
 96 1091 
 497 303 
 140 427 
 69 739 
 152 718 
 173 386 
 675 446 
 115 830 
 360 114 
 550 244 
 210 548 
 675 1757 
 140 1553 
 288 219 
 414 250 
 675 851 
 675 344 
 558 739 
 333 225 
 511 718 
 693 55 
 546 719 
 239 244 
 440 386 
 5 1051 
 693 70 
 273 822 
 96 801 
 138 804 
 577 1866 
 140 52 
 693 149 
 693 1585 
 691 492 
 558 718 
 354 1153 
 696 718 
 475 1522 
 127 1473 
 41 1534 
 566 303 
 577 1567 
 722 21 
 580 308 
 301 118 
 580 1069 
 140 344 
 140 208 
 722 351 
 580 426 
 96 355 
 280 361 
 140 630 
 281 1167 
 364 738 
 26 232 
 580 1302 
 96 1723 
 19 1523 
 675 1572 
 273 1532 
 691 446 
 691 915 
 121 1523 
 401 1522 
 464 1675 
 96 341 
 254 739 
 649 497 
 64 786 
 311 220 
 678 225 
 276 740 
 289 942 
 577 1302 
 580 1661 
 58 718 
 466 830 
 459 1212 
 220 1292 
 447 1667 
 691 1759 
 196 830 
 449 1852 
 281 1523 
 579 739 
 580 1259 
 675 492 
 637 1102 
 361 1044 
 350 123 
 319 225 
 722 1725 
 260 1522 
 577 888 
 163 898 
 289 1448 
 577 564 
 695 384 
 580 548 
 402 739 
 96 102 
 342 118 
 227 118 
 580 215 
 464 830 
 693 62 
 421 669 
 690 298 
 678 1523 
 722 1724 
 254 301 
 291 244 
 395 718 
 580 1535 
 136 1673 
 420 830 
 261 225 
 26 1330 
 494 830 
 546 1590 
 657 118 
 688 734 
 210 915 
 210 1821 
 140 555 
 121 898 
 426 1397 
 372 1361 
 140 326 
 691 1665 
 533 739 
 558 743 
 159 1405 
 141 1883 
 153 363 
 390 1578 
 693 1306 
 679 35 
 316 894 
 188 584 
 210 1279 
 193 498 
 710 1684 
 280 118 
 675 1593 
 429 719 
 516 1523 
 662 1086 
 206 242 
 207 1448 
 726 447 
 693 1536 
 529 250 
 546 602 
 358 1667 
 693 1724 
 210 346 
 691 1107 
 63 1522 
 528 489 
 379 1667 
 657 839 
 42 739 
 300 220 
 580 1442 
 140 492 
 578 1793 
 678 1405 
 98 301 
 164 738 
 440 1361 
 140 446 
 614 242 
 447 1670 
 404 244 
 551 719 
 693 1759 
 140 740 
 488 118 
 722 166 
 400 303 
 693 548 
 488 220 
 693 480 
 200 301 
 127 1010 
 69 225 
 722 1568 
 377 540 
 580 102 
 35 1779 
 145 303 
 311 303 
 580 28 
 580 817 
 728 1752 
 353 738 
 261 581 
 210 1417 
 151 498 
 104 498 
 348 1667 
 715 250 
 364 740 
 404 830 
 484 1530 
 691 564 
 662 1678 
 96 564 
 319 496 
 691 1531 
 723 811 
 577 1661 
 482 1807 
 26 804 
 580 1566 
 131 211 
 613 1522 
 96 1751 
 693 482 
 96 888 
 140 1555 
 70 1673 
 580 99 
 546 1010 
 200 743 
 261 1405 
 53 740 
 580 1898 
 200 303 
 199 1360 
 104 740 
 63 366 
 591 1280 
 311 718 
 619 804 
 249 242 
 141 414 
 531 1522 
 577 913 
 691 69 
 520 225 
 168 220 
 19 830 
 578 1163 
 291 303 
 691 204 
 26 329 
 551 1280 
 73 185 
 275 255 
 564 496 
 580 480 
 580 1306 
 167 1868 
 640 1405 
 675 427 
 693 801 
 210 1767 
 122 225 
 252 69 
 449 1914 
 289 1154 
 113 303 
 55 580 
 495 1522 
 580 211 
 691 452 
 722 1752 
 200 305 
 169 118 
 425 956 
 140 1292 
 693 1700 
 693 1362 
 178 76 
 353 220 
 247 830 
 158 740 
 566 1154 
 60 380 
 567 114 
 662 204 
 423 1573 
 364 489 
 580 1101 
 675 326 
 580 1711 
 98 740 
 311 301 
 122 738 
 301 1522 
 244 739 
 214 118 
 691 1172 
 580 1531 
 729 320 
 675 1590 
 252 555 
 678 303 
 482 167 
 570 739 
 140 651 
 96 1763 
 631 1473 
 90 1401 
 140 1417 
 143 501 
 493 795 
 364 118 
 141 929 
 675 1440 
 58 1523 
 99 1405 
 468 242 
 207 1400 
 507 244 
 210 913 
 96 28 
 58 740 
 101 804 
 178 303 
 693 102 
 591 1173 
 23 125 
 148 1401 
 522 1112 
 507 1534 
 558 1522 
 691 21 
 469 956 
 531 739 
 104 830 
 663 1223 
 281 740 
 495 740 
 580 482 
 580 496 
 693 1566 
 280 250 
 291 739 
 686 318 
 389 1669 
 461 634 
 710 1635 
 337 740 
 15 1410 
 99 738 
 579 225 
 387 1522 
 328 363 
 140 348 
 609 1533 
 340 719 
 261 301 
 30 250 
 693 89 
 547 501 
 252 323 
 662 555 
 579 220 
 26 1331 
 566 305 
 472 1405 
