 261 1043 
 693 1060 
 395 118 
 96 1293 
 592 1868 
 59 744 
 438 609 
 239 1524 
 686 318 
 216 1405 
 366 488 
 677 303 
 192 733 
 318 1448 
 59 301 
 245 443 
 187 238 
 117 1405 
 545 242 
 261 116 
 175 1534 
 358 301 
 140 1823 
 607 238 
 347 739 
 692 955 
 96 1699 
 280 301 
 104 718 
 675 950 
 417 238 
 402 739 
 558 302 
 580 1852 
 675 447 
 182 39 
 660 823 
 167 1871 
 516 1522 
 728 1156 
 507 225 
 693 349 
 662 1124 
 319 1029 
 422 1779 
 252 1581 
 259 1446 
 340 1667 
 580 449 
 140 804 
 98 225 
 171 894 
 558 1524 
 200 305 
 281 744 
 179 1524 
 241 250 
 148 1212 
 154 1523 
 58 830 
 661 733 
 60 303 
 577 1830 
 96 1665 
 185 66 
 29 1524 
 254 740 
 675 1364 
 289 929 
 259 1447 
 497 1046 
 531 703 
 117 114 
 140 651 
 436 1670 
 580 1531 
 22 1524 
 697 734 
 140 344 
 722 1629 
 319 1292 
 30 244 
 538 830 
 101 484 
 210 1678 
 291 740 
 166 1807 
 693 1907 
 497 116 
 224 320 
 595 1534 
 216 122 
 163 730 
 121 238 
 533 830 
 300 739 
 300 733 
 96 447 
 577 1060 
 479 742 
 580 1742 
 140 1598 
 423 639 
 675 344 
 429 955 
 580 1365 
 185 303 
 722 1365 
 687 1046 
 144 459 
 260 1522 
 321 238 
 313 116 
 311 736 
 401 305 
 210 946 
 273 231 
 639 733 
 555 1550 
 695 385 
 154 231 
 131 232 
 546 1522 
 142 185 
 529 740 
 158 39 
 104 301 
 722 1555 
 291 737 
 210 446 
 395 739 
 109 1573 
 146 303 
 693 326 
 117 302 
 386 1355 
 238 734 
 558 740 
 675 1254 
 693 529 
 436 1667 
 96 801 
 577 103 
 319 920 
 693 1150 
 270 363 
 401 122 
 577 1891 
 577 1570 
 722 912 
 303 804 
 440 1868 
 566 122 
 129 219 
 240 1186 
 210 1254 
 677 220 
 252 1668 
 129 839 
 693 915 
 210 356 
 577 446 
 577 69 
 580 1259 
 507 301 
 722 1866 
 59 242 
 163 929 
 252 1699 
 497 1043 
 216 1522 
 580 426 
 96 492 
 693 208 
 580 147 
 210 343 
 497 1604 
 693 439 
 693 1284 
 686 320 
 497 740 
 241 1522 
 60 118 
 722 341 
 531 1044 
 238 242 
 140 346 
 200 740 
 693 1091 
 200 744 
 163 284 
 281 1673 
 22 1523 
 580 89 
 728 1300 
 675 336 
 580 1126 
 677 1524 
 675 1606 
 728 487 
 179 118 
 254 1523 
 140 574 
 577 345 
 675 1590 
 722 480 
 199 1360 
 715 250 
 319 1361 
 109 1523 
 477 59 
 319 238 
 253 830 
 488 718 
 728 1548 
 163 1914 
 411 735 
 675 1141 
 96 1417 
 59 740 
 210 1060 
 261 238 
 200 301 
 580 555 
 728 1299 
 281 1044 
 234 1669 
 515 738 
 244 738 
 168 1243 
 140 69 
 64 744 
 543 738 
 577 346 
 547 503 
 238 739 
 319 1429 
 60 718 
 693 1590 
 662 1417 
 577 1554 
 722 70 
 358 1669 
 722 1859 
 140 740 
 64 1522 
 214 733 
 185 1183 
 694 718 
 558 737 
 104 830 
 339 925 
 607 219 
 580 913 
 140 350 
 577 351 
 181 115 
 693 1034 
 384 572 
 60 736 
 247 1311 
 728 212 
 702 220 
 178 496 
 558 1522 
 182 304 
 140 52 
 562 303 
 198 744 
 129 1674 
 429 677 
 67 1029 
 366 677 
 328 1524 
 696 740 
 580 901 
 185 496 
 607 740 
 252 1300 
 728 308 
 468 250 
 558 301 
 335 302 
 580 1497 
 515 1522 
 96 1091 
 690 298 
 133 219 
 271 733 
 244 303 
 708 1667 
 158 718 
 429 719 
 722 434 
 580 1443 
 504 895 
 580 358 
 138 850 
 72 1620 
 730 39 
 362 898 
 668 231 
 580 135 
 133 220 
 80 830 
 358 1522 
 98 733 
 168 738 
 529 1522 
 607 303 
 693 924 
 74 830 
 353 225 
 182 1044 
 517 130 
 139 225 
 722 18 
 531 1243 
 666 1523 
 577 1279 
 730 718 
 163 354 
 580 55 
 675 431 
 289 751 
 543 862 
 662 608 
 138 761 
 153 639 
 64 242 
 182 736 
 104 549 
 353 744 
 140 733 
 418 306 
 178 203 
 133 244 
 207 1450 
 238 1405 
 154 225 
 693 813 
 658 303 
 43 734 
 722 1362 
 457 830 
 153 1153 
 731 303 
 136 167 
 639 740 
 667 303 
 117 703 
 533 739 
 528 804 
 23 125 
 210 1305 
 64 862 
 59 238 
 244 39 
 728 354 
 488 116 
 570 738 
 143 500 
 607 738 
 531 225 
 675 529 
 546 115 
 140 340 
 516 122 
 531 738 
 70 1673 
 577 323 
 466 122 
 564 488 
 131 693 
 537 1669 
 682 1522 
 516 220 
 580 1794 
 396 830 
 609 751 
 580 1302 
 702 184 
 292 225 
 711 730 
 722 55 
 59 1524 
 210 99 
 419 739 
 254 1043 
 566 1154 
 182 1043 
 533 225 
 122 740 
 639 744 
 80 1524 
 131 212 
 639 304 
 64 1046 
 693 630 
 577 349 
 117 718 
 558 736 
 296 302 
 667 238 
 318 1427 
 607 737 
 693 1305 
 268 66 
 485 286 
 181 116 
 316 895 
 580 1069 
 328 1573 
 145 743 
 145 738 
 577 342 
 117 39 
 440 1361 
 722 1745 
 567 738 
 210 482 
 581 130 
 216 118 
 493 1046 
 133 301 
 577 1107 
 641 302 
 507 238 
 96 431 
 334 1399 
 675 574 
 477 702 
 693 1881 
 546 830 
 210 1706 
 577 1592 
 674 305 
 178 244 
 214 740 
 493 301 
 216 116 
 675 1302 
 254 115 
 254 744 
 238 735 
 675 1531 
 580 1308 
 677 830 
 276 734 
 497 739 
 400 303 
 280 302 
 693 1548 
 319 1064 
 96 102 
 695 386 
 648 1115 
 662 1665 
 693 950 
 308 1522 
 423 1534 
 273 822 
 192 738 
 266 830 
 252 820 
 145 122 
 353 738 
 96 876 
 671 242 
 607 225 
 311 231 
 580 1004 
 393 144 
 496 581 
 273 1154 
 637 1102 
 234 1670 
 494 1112 
 662 888 
 664 1817 
 149 304 
 543 219 
 392 39 
 580 1678 
 117 744 
 147 118 
 166 1230 
 545 250 
 17 895 
 249 244 
 126 122 
 516 301 
 450 792 
 101 1360 
 671 118 
 367 639 
 273 830 
 464 1674 
 182 114 
 342 115 
 158 830 
 505 929 
 558 739 
 270 1524 
 238 219 
 558 303 
 145 220 
 662 447 
 497 1044 
 631 116 
 252 204 
 693 1186 
 475 1861 
 493 303 
 613 1524 
 301 116 
 540 1415 
 358 867 
 693 105 
 695 1212 
 140 1086 
 543 231 
 132 115 
 533 220 
 693 912 
 181 718 
 335 549 
 178 1043 
 244 302 
 708 1668 
 182 703 
 158 303 
 580 1282 
 140 424 
 500 370 
 658 238 
 577 427 
 64 1914 
 728 1793 
 140 851 
 722 216 
 693 1793 
 731 116 
 580 1555 
 693 1491 
 261 496 
 359 804 
 17 1654 
 722 854 
 191 244 
 527 118 
 181 736 
 377 1532 
 668 733 
 145 733 
 566 734 
 145 744 
 566 301 
 495 115 
 577 1528 
 36 830 
 580 343 
 497 301 
 30 250 
 693 1004 
 165 1046 
 675 1881 
 472 115 
 193 1509 
 702 231 
 319 203 
 551 268 
 144 500 
 722 1535 
 693 887 
 675 356 
 281 122 
 58 744 
 140 1585 
 458 894 
 577 914 
 675 52 
 662 349 
 164 301 
 547 501 
 39 581 
 216 301 
 545 244 
 396 1046 
 105 244 
 497 304 
 495 1523 
 377 218 
 566 1524 
 358 1668 
 459 386 
 42 830 
 140 555 
 580 1364 
 693 28 
 227 238 
 580 24 
 364 744 
 411 734 
 433 1679 
 580 924 
 155 738 
 495 740 
 580 574 
 580 71 
 513 1668 
 19 1524 
 254 738 
 449 1852 
 291 734 
 131 209 
 695 1209 
 722 1426 
 35 185 
 140 1033 
 423 1522 
 278 1584 
 722 269 
 168 225 
 400 744 
 289 719 
 693 548 
 693 1665 
 163 115 
 122 231 
 675 489 
 693 1101 
 675 685 
 402 736 
 580 641 
 570 238 
 369 1121 
 250 709 
 613 225 
 60 740 
 139 219 
 527 738 
 85 1043 
 400 740 
 690 1223 
 143 502 
 695 388 
 23 130 
 662 1396 
 516 1523 
 495 225 
 273 400 
 210 1606 
 109 1576 
 532 639 
 718 370 
 210 1417 
 117 301 
 291 738 
 387 1524 
 722 1417 
 675 801 
 236 785 
 96 1300 
 395 738 
 580 817 
 194 1280 
 261 231 
 214 739 
 158 744 
 96 1859 
 301 122 
 122 738 
 675 608 
 580 348 
 311 238 
 473 122 
 566 740 
 688 304 
 283 1532 
 529 244 
 687 1044 
 289 730 
 210 1767 
 580 905 
 271 304 
 291 244 
 692 956 
 722 1032 
 227 738 
 236 693 
 662 1669 
 722 1033 
 254 839 
 531 302 
 20 160 
 64 301 
 663 298 
 367 588 
 358 244 
 367 1582 
 675 354 
 324 1670 
 140 18 
 529 39 
 531 739 
 98 740 
 722 351 
 134 830 
 693 903 
 66 1511 
 364 116 
 140 1298 
 223 1007 
 580 21 
 696 225 
 381 1350 
 186 1524 
 13 488 
 697 238 
 413 1044 
 459 740 
 158 740 
 662 555 
 533 735 
 475 39 
 504 1209 
 493 646 
 379 1669 
 546 1291 
 300 735 
 724 115 
 227 718 
 540 278 
 98 238 
 169 1534 
 393 1353 
 185 703 
 85 1046 
 120 639 
 100 1044 
 216 1573 
 311 737 
 411 733 
 722 1851 
 662 1491 
 145 830 
 140 1881 
 280 116 
 472 1522 
 140 208 
 472 118 
 675 341 
 566 115 
 169 740 
 26 1339 
 182 1154 
 323 1738 
 488 1154 
 685 1668 
 675 612 
 254 39 
 104 225 
 577 877 
 181 733 
 163 751 
 631 830 
 140 608 
 675 102 
 529 301 
 371 1668 
 187 225 
 321 804 
 174 1155 
 658 244 
 288 718 
 723 851 
 693 1362 
 80 733 
 100 1043 
 155 122 
 200 718 
 677 718 
 663 1223 
 193 1817 
 288 238 
 675 1593 
 580 431 
 577 1491 
 127 1010 
 96 270 
 300 219 
 166 739 
 227 1524 
 515 220 
 657 1814 
 582 1870 
 207 1399 
 570 39 
 667 718 
 497 39 
 239 830 
 182 735 
 17 1599 
 494 1109 
 693 946 
 182 238 
 64 580 
 214 122 
 455 1868 
 208 1669 
 26 1340 
 580 217 
 580 395 
 679 830 
 185 1522 
 168 830 
 580 359 
 577 1035 
 252 854 
 652 1210 
 440 386 
 567 305 
 59 220 
 468 693 
 671 303 
 675 492 
 488 744 
 497 354 
 158 115 
 693 1417 
 655 266 
 244 740 
 714 738 
 98 735 
 253 1154 
 580 1150 
 261 39 
 260 220 
 280 1522 
 146 738 
 562 302 
 398 1534 
 261 1154 
 456 116 
 96 608 
 577 431 
 281 1291 
 214 118 
 84 804 
 210 817 
 580 28 
 145 225 
 728 1767 
 353 718 
 196 115 
 713 118 
 26 228 
 311 738 
 693 1768 
 261 323 
 577 854 
 149 735 
 580 1032 
 697 736 
 217 925 
 402 219 
 353 116 
 566 303 
 577 1638 
 140 564 
 138 804 
 210 1793 
 580 1606 
 488 302 
 185 1523 
 693 55 
 570 225 
 216 744 
 722 1303 
 533 231 
 580 1884 
 533 305 
 182 303 
 515 225 
 580 922 
 710 156 
 577 1678 
 140 854 
 179 122 
 64 116 
 186 1360 
 577 1700 
 342 122 
 401 744 
 692 740 
 240 894 
 72 830 
 453 306 
 580 576 
 300 740 
 178 76 
 264 285 
 131 677 
 216 302 
 364 225 
 569 602 
 210 161 
 335 184 
 210 1901 
 210 447 
 101 804 
 662 1554 
 693 1592 
 657 1043 
 318 1429 
 722 865 
 273 1673 
 353 740 
 59 304 
 543 733 
 495 738 
 353 580 
 580 419 
 126 116 
 675 1443 
 271 231 
 53 1522 
 341 122 
 358 39 
 507 302 
 662 350 
 138 1429 
 504 1668 
 658 231 
 693 1303 
 429 305 
 96 355 
 495 122 
 513 1670 
 327 1523 
 653 1630 
 222 1360 
 577 1126 
 693 1657 
 533 303 
 169 118 
 185 301 
 166 862 
 675 1874 
 64 1252 
 431 1360 
 252 431 
 214 830 
 69 739 
 210 1641 
 250 830 
 687 1043 
 158 231 
 261 830 
 20 484 
 96 293 
 288 739 
 193 498 
 42 738 
 412 735 
 196 244 
 404 242 
 580 1661 
 200 733 
 672 1807 
 121 302 
 580 854 
 577 1636 
 210 1570 
 693 1442 
 613 804 
 58 116 
 182 734 
 252 1638 
 693 1641 
 531 830 
 474 1446 
 173 1360 
 484 572 
 577 876 
 182 1705 
 140 427 
 140 799 
 722 1858 
 340 1670 
 675 355 
 364 703 
 122 238 
 401 1522 
 245 581 
 181 739 
 529 1473 
 580 765 
 104 733 
 95 1668 
 98 739 
 667 744 
 227 303 
 16 925 
 80 744 
 543 693 
 252 867 
 200 830 
 580 548 
 566 116 
 722 1706 
 731 738 
 457 1473 
 722 1257 
 288 738 
 125 1354 
 311 115 
 504 1665 
 488 220 
 97 1046 
 271 220 
 493 250 
 183 1534 
 210 851 
 96 350 
 131 1736 
 254 304 
 722 1273 
 96 913 
 638 1311 
 327 441 
 429 184 
 210 548 
 20 380 
 662 203 
 418 581 
 210 341 
 163 1605 
 722 817 
 646 894 
 675 347 
 592 1871 
 577 448 
 608 1212 
 140 102 
 280 242 
 400 225 
 488 738 
 145 741 
 670 1267 
 675 1295 
 169 1243 
 693 343 
 247 830 
 693 574 
 580 1270 
 516 733 
 693 347 
 261 1560 
 60 734 
 728 1859 
 41 1243 
 210 1124 
 210 69 
 96 1305 
 533 302 
 580 1300 
 495 116 
 469 739 
 401 739 
 140 744 
 210 1548 
 261 302 
 580 492 
 210 1293 
 580 350 
 401 489 
 182 302 
 580 914 
 101 443 
 516 740 
 488 693 
 216 238 
 300 305 
 83 1529 
 527 116 
 516 225 
 37 1243 
 580 1296 
 713 116 
 609 804 
 104 738 
 693 346 
 488 1044 
 658 225 
 728 915 
 303 639 
 165 1044 
 43 737 
 179 220 
 238 303 
 282 370 
 186 203 
 182 301 
 631 1473 
 319 496 
 675 69 
 35 1779 
 580 1723 
 301 830 
 613 1046 
 142 1807 
 693 1678 
 181 1524 
 320 1524 
 145 238 
 241 231 
 536 242 
 252 738 
 252 1670 
 175 839 
 580 1721 
 140 888 
 281 1405 
 722 1302 
 401 302 
 125 1353 
 546 1620 
 214 580 
 436 1669 
 98 738 
 495 1524 
 138 39 
 580 1284 
 261 304 
 454 693 
 639 303 
 356 1524 
 558 244 
 385 1534 
 140 1678 
 577 564 
 403 1668 
 301 1522 
 252 1678 
 252 69 
 103 830 
 187 219 
 533 740 
 48 1807 
 367 926 
 543 220 
 337 122 
 580 1858 
 423 361 
 485 1522 
 37 285 
 95 1667 
 495 231 
 493 1523 
 210 1858 
 693 1257 
 657 1524 
 580 1847 
 321 925 
 688 302 
 580 446 
 701 804 
 517 1523 
 728 1491 
 728 447 
 577 1396 
 238 301 
 68 289 
 140 341 
 546 323 
 580 1769 
 289 361 
 580 899 
 220 203 
 449 1914 
 711 713 
 580 40 
 353 733 
 356 303 
 497 413 
 39 1399 
 244 830 
 422 1386 
 68 380 
 19 39 
 164 739 
 454 1879 
 458 895 
 121 898 
 435 734 
 657 839 
 164 304 
 364 302 
 164 830 
 200 737 
 140 1292 
 178 605 
 693 913 
 261 122 
 507 1524 
 185 238 
 179 740 
 129 238 
 497 231 
 206 242 
 200 743 
 200 244 
 693 418 
 204 39 
 558 1589 
 577 209 
 577 1581 
 347 1360 
 140 1443 
 64 182 
 613 118 
 318 1400 
 546 862 
 675 203 
 158 301 
 529 744 
 507 231 
 580 1745 
 73 182 
 566 304 
 577 1568 
 163 1568 
 311 304 
 280 738 
 696 718 
 179 39 
 501 1550 
 497 122 
 685 1669 
 178 238 
 667 735 
 200 738 
 543 303 
 402 744 
 493 266 
 617 677 
 358 231 
 536 244 
 72 1532 
 121 244 
 356 739 
 564 323 
 577 1597 
 175 823 
 387 1523 
 96 212 
 254 1154 
 319 323 
 316 733 
 566 830 
 252 888 
 580 612 
 169 303 
 420 114 
 722 1881 
 468 244 
 169 738 
 402 231 
 546 354 
 693 492 
 337 303 
 622 501 
 356 718 
 210 816 
 667 39 
 261 118 
 64 740 
 145 305 
 564 867 
 693 226 
 607 220 
 136 1677 
 23 126 
 200 304 
 108 1677 
 402 238 
 21 1010 
 246 622 
 570 1522 
 48 1523 
 227 1522 
 70 1674 
 693 336 
 280 1583 
 211 1361 
 657 739 
 657 231 
 558 115 
 280 1154 
 472 231 
 122 1522 
 679 35 
 42 39 
 580 685 
 37 1360 
 675 914 
 185 739 
 210 212 
 210 1572 
 429 1523 
 693 1270 
 577 1598 
 349 1075 
 693 354 
 658 735 
 387 220 
 631 118 
 693 89 
 488 1043 
 145 734 
 131 211 
 333 184 
 68 1840 
 303 361 
 58 115 
 570 1523 
 140 1572 
 493 795 
 253 301 
 210 612 
 299 1360 
 577 1763 
 313 118 
 724 298 
 200 238 
 311 39 
 580 1156 
 278 1583 
 214 302 
 353 238 
 472 301 
 607 735 
 688 744 
 577 1706 
 64 639 
 580 813 
 254 116 
 280 115 
 360 1397 
 566 733 
 311 734 
 306 220 
 281 115 
 252 1396 
 693 801 
 429 301 
 373 244 
 675 482 
 241 1523 
 479 741 
 485 1523 
 546 218 
 96 685 
 613 738 
 279 925 
 693 1566 
 280 39 
 345 1044 
 78 738 
 580 1855 
 722 1665 
 400 304 
 722 308 
 281 219 
 64 1583 
 722 574 
 699 1522 
 546 1167 
 605 895 
 200 736 
 401 231 
 156 502 
 727 1519 
 210 1821 
 58 238 
 570 231 
 693 888 
 454 751 
 396 1043 
 496 1654 
 59 303 
 468 255 
 182 1046 
 400 116 
 316 441 
 566 305 
 58 1522 
 728 801 
 319 361 
 234 1522 
 402 122 
 675 99 
 248 1044 
 122 220 
 364 718 
 677 118 
 609 785 
 446 115 
 580 1741 
 129 220 
 662 1606 
 291 739 
 185 677 
 261 301 
 77 589 
 580 149 
 210 442 
 138 639 
 182 739 
 163 580 
 280 867 
 227 830 
 580 308 
 268 1046 
 327 895 
 182 741 
 165 830 
 227 1523 
 140 1291 
 364 238 
 60 115 
 537 1670 
 722 1884 
 473 115 
 22 733 
 301 1583 
 52 1368 
 208 1668 
 140 426 
 488 740 
 254 303 
 179 744 
 254 1524 
 104 231 
 667 305 
 140 348 
 146 302 
 612 718 
 348 1667 
 468 242 
 422 1109 
 204 637 
 281 303 
 312 1010 
 445 738 
 41 1534 
 96 28 
 577 1553 
 631 115 
 69 303 
 543 302 
 658 1045 
 104 744 
 484 1354 
 667 116 
 145 116 
 356 244 
 675 1594 
 455 1871 
 658 304 
 693 1884 
 185 740 
 175 1605 
 577 447 
 693 1033 
 675 226 
 693 564 
 214 116 
 484 1351 
 364 303 
 473 718 
 662 1305 
 140 1124 
 337 116 
 149 238 
 412 734 
 693 1593 
 698 184 
 484 1530 
 516 734 
 488 1046 
 580 105 
 233 718 
 366 231 
 566 735 
 64 1524 
 58 225 
 210 208 
 260 225 
 510 1868 
 639 220 
 722 1852 
 693 204 
 429 302 
 474 1447 
 149 302 
 577 487 
 697 225 
 104 118 
 395 301 
 662 1034 
 145 740 
 577 1750 
 580 334 
 516 718 
 675 1086 
 248 1043 
 447 1667 
 693 1844 
 507 242 
 121 677 
 103 1043 
 161 285 
 689 1519 
 177 581 
 261 1522 
 200 735 
 64 118 
 497 118 
 96 1821 
 401 118 
 281 302 
 117 743 
 35 602 
 701 639 
 96 1138 
 127 1469 
 254 1044 
 137 804 
 96 1767 
 96 564 
 140 1793 
 181 1029 
 59 244 
 164 225 
 366 1523 
 80 740 
 117 830 
 580 1189 
 168 220 
 529 739 
 185 925 
 300 301 
 546 602 
 98 1243 
 236 1776 
 426 1397 
 497 303 
 497 1523 
 591 1871 
 224 318 
 662 1670 
 497 1605 
 569 59 
 673 1115 
 731 740 
 614 242 
 140 1034 
 577 888 
 261 303 
 458 231 
 96 341 
 239 220 
 343 793 
 495 830 
 722 1034 
 613 238 
 122 303 
 697 735 
 493 242 
 675 1035 
 288 231 
 580 1566 
 581 128 
 289 804 
 299 1868 
 472 225 
 140 1554 
 60 225 
 271 303 
 717 238 
 140 99 
 577 1391 
 244 742 
 149 303 
 59 718 
 288 220 
 497 225 
 580 1572 
 693 1306 
 96 70 
 319 677 
 427 250 
 271 301 
 527 739 
 221 925 
 469 956 
 236 786 
 398 1532 
 662 1548 
 670 1268 
 268 1043 
 335 305 
 311 219 
 140 203 
 675 1884 
 238 738 
 420 830 
 185 363 
 722 1638 
 185 302 
 468 898 
 117 219 
 65 1668 
 710 1635 
 458 225 
 134 1668 
 263 751 
 181 735 
 116 1018 
 17 894 
 400 301 
 98 302 
 493 1522 
 104 302 
 261 225 
 72 804 
 300 830 
 280 1360 
 379 1668 
 59 739 
 64 1673 
 171 1522 
 577 1665 
 520 225 
 472 238 
 299 1361 
 472 738 
 722 816 
 58 122 
 475 830 
 657 740 
 693 1365 
 280 1524 
 693 1706 
 657 302 
 26 75 
 96 105 
 300 302 
 330 1361 
 546 898 
 289 1454 
 577 1270 
 515 718 
 96 1901 
 583 1361 
 488 830 
 662 1086 
 577 1303 
 140 743 
 666 1522 
 495 1522 
 549 1046 
 688 735 
 260 219 
 210 1786 
 527 740 
 688 739 
 529 1523 
 356 1593 
 517 1524 
 558 242 
 64 225 
 37 804 
 17 703 
 577 208 
 335 225 
 220 160 
 85 1044 
 140 1126 
 210 854 
 728 356 
 537 1668 
 96 340 
 210 867 
 244 301 
 714 244 
 562 742 
 138 1533 
 566 302 
 722 1855 
 662 1570 
 528 751 
 361 1043 
 387 741 
 71 1670 
 356 1044 
 281 39 
 289 898 
 677 1154 
 591 1173 
 577 354 
 271 302 
 577 426 
 249 242 
 494 830 
 420 718 
 486 702 
 580 1441 
 342 118 
 138 144 
 140 1365 
 662 103 
 607 739 
 138 1153 
 472 303 
 98 303 
 311 301 
 252 1554 
 300 303 
 722 28 
 580 1426 
 566 225 
 562 741 
 117 118 
 677 738 
 562 740 
 126 118 
 702 219 
 43 735 
 344 1360 
 35 1113 
 334 1400 
 64 738 
 158 1524 
 387 734 
 570 301 
 291 115 
 222 1361 
 577 1594 
 729 320 
 241 242 
 78 1523 
 516 118 
 175 830 
 80 1523 
 418 602 
 484 1353 
 261 740 
 454 1619 
 693 1567 
 330 1868 
 67 242 
 223 78 
 673 1114 
 117 734 
 543 244 
 131 816 
 693 1278 
 693 419 
 117 238 
 360 925 
 192 740 
 148 1210 
 260 238 
 291 302 
 459 1212 
 96 888 
 570 303 
 570 744 
 675 1678 
 580 1821 
 291 301 
 271 830 
 252 1879 
 182 830 
 291 733 
 533 738 
 693 1189 
 273 225 
 507 244 
 464 830 
 488 303 
 252 218 
 136 1807 
 501 581 
 134 302 
 693 914 
 387 1522 
 496 738 
 668 238 
 662 1638 
 323 1778 
 393 850 
 580 1810 
 96 1706 
 316 740 
 693 1391 
 321 1534 
 42 740 
 280 354 
 580 1299 
 558 220 
 282 249 
 60 738 
 316 1522 
 468 677 
 722 1724 
 42 1522 
 360 830 
 693 1676 
 613 1522 
 280 1153 
 216 738 
 196 118 
 280 303 
 78 115 
 59 225 
 261 739 
 96 1881 
 429 693 
 496 839 
 213 744 
 254 739 
 475 1522 
 592 1280 
 323 804 
 276 741 
 311 225 
 366 238 
 312 693 
 364 220 
 316 894 
 136 926 
 140 1606 
 469 955 
 132 118 
 533 733 
 657 1672 
 140 1866 
 693 356 
 640 1405 
 244 238 
 727 1520 
 163 804 
 358 496 
 580 529 
 577 608 
 693 212 
 566 220 
 546 496 
 179 115 
 147 128 
 408 1361 
 210 1193 
 54 1112 
 300 734 
 140 447 
 147 116 
 658 738 
 121 693 
 395 231 
 16 531 
 96 487 
 617 693 
 186 1522 
 497 1522 
 580 630 
 238 238 
 488 581 
 291 867 
 675 204 
 20 483 
 496 693 
 722 359 
 697 220 
 675 851 
 437 244 
 185 231 
 279 751 
 29 1522 
 389 895 
 280 740 
 454 218 
 657 303 
 59 736 
 64 1523 
 96 356 
 533 744 
 343 182 
 187 231 
 662 1667 
 168 231 
 260 231 
 577 816 
 196 1473 
 140 1463 
 722 1721 
 580 70 
 210 448 
 216 1523 
 543 734 
 201 302 
 356 1046 
 693 1908 
 220 1292 
 566 242 
 169 302 
 59 734 
 254 225 
 369 81 
 182 122 
 364 489 
 419 830 
 164 302 
 580 1440 
 722 774 
 80 115 
 693 1443 
 653 609 
 178 225 
 167 295 
 429 303 
 17 1909 
 227 39 
 693 351 
 591 1280 
 143 503 
 668 225 
 65 1670 
 96 867 
 580 487 
 566 743 
 182 116 
 662 1141 
 675 1091 
 104 122 
 238 305 
 371 1667 
 728 867 
 547 505 
 657 122 
 96 1763 
 210 1763 
 110 219 
 214 1417 
 134 1670 
 723 1396 
 693 1725 
 185 1046 
 168 932 
 440 785 
 675 1303 
 210 685 
 662 496 
 485 1870 
 675 427 
 179 225 
 667 740 
 236 1868 
 577 226 
 580 198 
 580 1491 
 178 115 
 510 1527 
 289 1154 
 580 915 
 101 59 
 178 250 
 122 741 
 216 225 
 64 302 
 566 219 
 673 1113 
 60 301 
 412 740 
 396 1045 
 547 504 
 657 693 
 569 1630 
 657 1044 
 440 1360 
 580 1548 
 731 733 
 360 114 
 280 830 
 140 204 
 318 1399 
 216 231 
 238 225 
 566 739 
 381 500 
 53 1523 
 472 718 
 117 1522 
 254 118 
 252 1667 
 303 693 
 676 184 
 296 238 
 722 1304 
 580 448 
 98 898 
 104 739 
 7 492 
 35 1075 
 693 1279 
 227 115 
 722 1768 
 696 1523 
 493 309 
 145 718 
 271 1522 
 138 235 
 96 203 
 693 1035 
 261 1523 
 580 1851 
 96 1723 
 250 693 
 252 1035 
 216 1576 
 96 1295 
 580 1898 
 252 447 
 675 149 
 144 501 
 667 225 
 175 1397 
 19 830 
 163 719 
 497 496 
 176 1360 
 351 804 
 138 1532 
 117 736 
 140 326 
 580 1718 
 613 1523 
 693 1742 
 96 1751 
 580 1767 
 718 1506 
 60 733 
 613 639 
 280 1044 
 270 739 
 276 740 
 558 738 
 169 1311 
 728 1665 
 252 1126 
 493 118 
 693 555 
 64 830 
 580 1897 
 577 555 
 216 1524 
 94 735 
 543 735 
 238 302 
 472 1524 
 239 219 
 399 1353 
 303 1524 
 78 225 
 371 1670 
 577 1866 
 345 1046 
 46 693 
 169 115 
 307 1102 
 676 718 
 191 242 
 59 738 
 466 739 
 515 804 
 182 220 
 609 338 
 677 1589 
 558 225 
 252 1299 
 77 498 
 316 184 
 596 306 
 145 219 
 220 1807 
 675 103 
 398 1533 
 64 846 
 115 581 
 728 355 
 457 122 
 96 854 
 59 743 
 677 734 
 158 304 
 301 115 
 486 380 
 670 1273 
 69 733 
 48 702 
 722 1297 
 315 718 
 369 1075 
 731 301 
 122 718 
 210 70 
 252 323 
 240 890 
 214 303 
 166 718 
 577 1536 
 688 225 
 252 1534 
 512 303 
 688 303 
 210 1126 
 457 118 
 280 122 
 381 501 
 220 1291 
 580 209 
 96 346 
 449 75 
 22 184 
 263 1154 
 472 1405 
 693 323 
 64 304 
 676 114 
 472 549 
 291 303 
 722 1585 
 713 122 
 497 302 
 281 323 
 648 1114 
 662 1891 
 58 39 
 122 302 
 531 740 
 140 801 
 78 744 
 580 1107 
 26 804 
 401 114 
 181 1473 
 323 602 
 18 59 
 139 1523 
 264 460 
 64 266 
 496 740 
 657 1815 
 58 718 
 580 1417 
 422 1075 
 466 118 
 675 1553 
 443 1777 
 693 1536 
 182 219 
 182 118 
 695 384 
 692 738 
 531 1046 
 208 1670 
 96 99 
 244 1524 
 121 301 
 64 244 
 340 1669 
 420 219 
 722 482 
 64 730 
 117 740 
 570 118 
 369 1779 
 580 99 
 580 1763 
 139 238 
 358 677 
 507 303 
 296 220 
 404 830 
 140 343 
 356 1154 
 151 1817 
 493 115 
 577 1531 
 693 1636 
 693 355 
 96 1879 
 124 242 
 420 751 
 583 1360 
 210 1723 
 520 231 
 609 1533 
 401 225 
 577 1138 
 88 804 
 531 231 
 353 303 
 140 1270 
 252 345 
 294 1670 
 279 1397 
 675 867 
 104 734 
 639 238 
 591 1868 
 328 365 
 639 225 
 445 739 
 488 862 
 577 1759 
 129 744 
 580 1567 
 140 29 
 163 898 
 607 736 
 69 225 
 567 122 
 380 830 
 693 854 
 722 472 
 280 361 
 252 1669 
 280 185 
 497 744 
 254 496 
 311 303 
 301 489 
 291 744 
 577 70 
 662 1365 
 447 1669 
 423 1523 
 16 719 
 657 225 
 515 1154 
 423 363 
 48 751 
 291 736 
 96 1570 
 104 305 
 280 66 
 140 1629 
 675 1124 
 693 62 
 580 211 
 461 634 
 319 1524 
 693 209 
 273 738 
 140 347 
 400 302 
 693 1307 
 233 39 
 664 498 
 318 1428 
 64 115 
 577 1254 
 121 219 
 693 1700 
 41 399 
 580 62 
 496 823 
 655 730 
 577 529 
 161 1360 
 693 348 
 29 1043 
 140 209 
 515 1524 
 400 830 
 294 1669 
 358 1667 
 723 811 
 580 1034 
 96 1724 
 71 1667 
 117 220 
 39 1401 
 693 1497 
 580 216 
 580 1747 
 577 1210 
 418 862 
 281 1524 
 185 380 
 324 1668 
 577 1862 
 115 182 
 98 399 
 667 733 
 252 1365 
 675 426 
 353 118 
 281 735 
 210 434 
 551 719 
 35 1123 
 134 304 
 693 576 
 124 244 
 16 1807 
 60 739 
 657 1523 
 564 719 
 311 242 
 715 244 
 529 830 
 58 1523 
 182 718 
 695 389 
 507 830 
 210 1629 
 140 1568 
 318 693 
 607 744 
 675 487 
 48 1154 
 675 449 
 26 150 
 141 414 
 380 1534 
 240 1282 
 169 225 
 142 1654 
 393 1355 
 555 1549 
 577 1302 
 358 1670 
 675 1665 
 488 304 
 546 740 
 731 302 
 210 354 
 214 744 
 26 1330 
 146 733 
 280 118 
 447 1668 
 140 867 
 96 1299 
 577 496 
 120 804 
 68 1291 
 580 351 
 530 1043 
 213 707 
 20 488 
 580 1420 
 722 1335 
 58 303 
 662 341 
 150 932 
 157 515 
 59 830 
 252 1297 
 319 804 
 493 1583 
 214 231 
 139 115 
 291 116 
 140 487 
 627 1526 
 454 1243 
 675 1305 
 140 103 
 493 496 
 280 284 
 577 492 
 145 304 
 301 39 
 288 733 
 497 830 
 367 783 
 675 1417 
 658 830 
 321 1243 
 728 1752 
 335 677 
 693 395 
 281 739 
 473 118 
 167 1868 
 675 350 
 227 1405 
 693 1426 
 210 529 
 182 305 
 402 733 
 182 1405 
 675 1491 
 577 347 
 558 830 
 64 303 
 124 250 
 252 555 
 662 347 
 495 118 
 577 326 
 379 1667 
 46 244 
 182 231 
 340 1668 
 657 39 
 661 830 
 140 1107 
 567 718 
 577 1661 
 658 751 
 494 1779 
 98 231 
 384 1654 
 280 1043 
 675 1824 
 20 713 
 385 830 
 164 718 
 473 116 
 65 1667 
 669 1318 
 96 905 
 241 39 
 151 498 
 364 830 
 241 739 
 148 1401 
 728 99 
 693 1606 
 210 323 
 471 502 
 59 115 
 321 218 
 513 1669 
 677 736 
 495 1405 
 210 270 
 366 1522 
 412 733 
 337 744 
 634 714 
 64 250 
 175 116 
 693 442 
 693 641 
 195 1684 
 80 738 
 564 301 
 696 739 
 387 830 
 580 346 
 140 1847 
 59 735 
 580 1826 
 677 304 
 723 1554 
 364 118 
 580 482 
 198 1799 
 65 1669 
 384 664 
 120 1524 
 103 1154 
 328 1532 
 321 928 
 725 851 
 347 740 
 248 1046 
 693 1741 
 417 231 
 693 147 
 280 1523 
 580 1881 
 516 115 
 196 830 
 217 1397 
 693 341 
 60 302 
 459 1523 
 693 1138 
 389 1667 
 181 737 
 551 1280 
 658 736 
 158 238 
 466 115 
 475 496 
 364 231 
 637 1194 
 140 28 
 722 348 
 186 1670 
 493 744 
 151 1509 
 533 219 
 577 1364 
 192 830 
 531 1534 
 722 1107 
 657 1046 
 273 1532 
 425 956 
 281 1523 
 162 804 
 527 1523 
 69 302 
 175 1473 
 389 1670 
 140 877 
 289 580 
 210 52 
 319 488 
 366 380 
 280 744 
 580 1571 
 216 740 
 233 1522 
 252 492 
 200 1589 
 104 219 
 401 740 
 693 350 
 667 231 
 346 1360 
 60 116 
 281 1522 
 210 555 
 662 1298 
 96 1548 
 323 580 
 164 303 
 693 447 
 497 1154 
 730 220 
 722 1904 
 140 1555 
 72 703 
 358 323 
 658 718 
 450 793 
 185 1044 
 210 915 
 529 242 
 426 925 
 69 238 
 693 1086 
 401 1524 
 483 115 
 722 1657 
 140 1767 
 80 225 
 699 1524 
 580 480 
 368 1630 
 722 1898 
 318 1401 
 725 1665 
 182 549 
 140 492 
 580 1033 
 344 806 
 164 738 
 64 231 
 366 225 
 717 225 
 488 231 
 179 925 
 239 244 
 693 52 
 580 212 
 227 1046 
 472 744 
 271 718 
 501 1549 
 140 1150 
 693 1126 
 214 1523 
 447 1670 
 147 115 
 353 304 
 474 580 
 528 315 
 211 1360 
 474 751 
 399 1355 
 96 108 
 580 1305 
 475 122 
 472 122 
 140 351 
 675 1548 
 351 894 
 515 1777 
 728 1570 
 140 876 
 121 220 
 216 739 
 20 677 
 577 1298 
 677 225 
 696 1524 
 567 303 
 252 1141 
 377 932 
 192 303 
 494 804 
 722 529 
 296 219 
 200 303 
 104 498 
 281 231 
 577 967 
 697 733 
 693 816 
 722 612 
 723 1665 
 78 740 
 58 739 
 140 496 
 692 739 
 155 718 
 516 580 
 693 1661 
 364 301 
 168 733 
 116 1063 
 697 231 
 214 1524 
 101 1361 
 427 302 
 204 1524 
 395 122 
 98 734 
 377 1533 
 577 428 
 662 854 
 722 1391 
 496 182 
 96 1491 
 311 220 
 313 115 
 660 830 
 158 733 
 15 361 
 104 740 
 58 740 
 712 1362 
 522 1112 
 29 1044 
 722 166 
 140 446 
 319 399 
 254 1046 
 693 1748 
 662 340 
 365 932 
 675 448 
 210 428 
 214 738 
 676 1405 
 443 59 
 675 342 
 178 118 
 607 302 
 360 474 
 194 1868 
 268 39 
 139 231 
 296 303 
 210 492 
 577 1585 
 532 804 
 580 226 
 675 428 
 254 238 
 658 739 
 252 1524 
 445 238 
 496 1674 
 662 1107 
 662 1035 
 693 496 
 560 830 
 134 303 
 55 580 
 567 302 
 399 1354 
 87 739 
 151 1369 
 153 926 
 58 231 
 145 735 
 353 66 
 471 501 
 271 225 
 508 677 
 200 225 
 141 1668 
 121 225 
 153 804 
 96 345 
 234 1361 
 693 148 
 675 1156 
 662 1033 
 507 1154 
 101 785 
 479 740 
 488 733 
 543 225 
 261 1044 
 381 504 
 319 925 
 566 718 
 26 1336 
 395 740 
 301 225 
 546 1010 
 210 641 
 148 1668 
 327 1775 
 503 1153 
 543 739 
 546 1243 
 558 734 
 156 501 
 663 397 
 353 39 
 96 555 
 385 218 
 254 1522 
 263 59 
 675 1193 
 151 294 
 566 1274 
 15 1410 
 281 116 
 318 739 
 377 1534 
 580 1137 
 607 733 
 154 1522 
 566 231 
 104 238 
 196 242 
 153 363 
 475 115 
 722 1911 
 675 351 
 182 115 
 714 739 
 429 549 
 693 18 
 96 1858 
 693 1638 
 314 1360 
 662 1593 
 580 1790 
 117 305 
 192 1243 
 168 238 
 210 355 
 163 496 
 311 739 
 182 733 
 675 1572 
 567 114 
 96 612 
 98 301 
 121 250 
 412 738 
 471 500 
 649 235 
 580 966 
 311 740 
 693 21 
 722 1005 
 457 115 
 373 255 
 646 895 
 693 1304 
 520 219 
 236 1343 
 677 735 
 722 1193 
 20 730 
 139 1522 
 580 429 
 570 830 
 481 822 
 722 439 
 653 1361 
 134 1667 
 145 303 
 677 744 
 493 730 
 722 630 
 714 242 
 395 303 
 368 1667 
 169 122 
 169 830 
 693 1069 
 675 1641 
 580 1585 
 368 1361 
 418 59 
 353 1705 
 400 738 
 580 1568 
 149 733 
 201 301 
 580 1303 
 400 733 
 64 718 
 261 1524 
 288 736 
 570 740 
 210 1665 
 344 469 
 408 1360 
 169 1524 
 15 380 
 163 1210 
 714 250 
 101 1871 
 328 1533 
 613 1044 
 67 244 
 158 738 
 244 702 
 507 250 
 662 431 
 513 1667 
 528 639 
 210 211 
 353 231 
 358 1524 
 488 225 
 280 363 
 175 862 
 384 655 
 466 303 
 675 326 
 179 540 
 693 966 
 73 185 
 464 1673 
 297 1154 
 200 1522 
 182 1523 
 179 830 
 220 1243 
 492 804 
 182 225 
 429 956 
 658 733 
 168 304 
 158 302 
 580 269 
 353 302 
 319 363 
 418 309 
 580 1859 
 239 1523 
 214 301 
 261 1405 
 435 735 
 393 1357 
 662 1668 
 577 1567 
 679 942 
 80 116 
 418 278 
 580 447 
 728 323 
 297 1046 
 649 497 
 181 830 
 333 238 
 693 1830 
 117 303 
 380 1243 
 140 685 
 427 303 
 214 225 
 136 1914 
 580 1641 
 147 122 
 158 116 
 464 1675 
 577 203 
 318 1449 
 177 606 
 577 340 
 580 1904 
 728 612 
 580 1665 
 140 345 
 300 738 
 185 185 
 300 693 
 227 225 
 191 250 
 319 867 
 636 301 
 722 1718 
 158 1523 
 558 304 
 657 1522 
 611 925 
 401 116 
 472 739 
 141 929 
 694 1524 
 402 735 
 675 1793 
 109 1010 
 195 370 
 238 744 
 311 581 
 117 122 
 693 1718 
 696 39 
 59 219 
 562 738 
 364 304 
 117 741 
 367 804 
 580 440 
 240 185 
 689 1520 
 715 242 
 140 1060 
 156 500 
 246 620 
 693 99 
 281 225 
 662 1678 
 488 839 
 140 1763 
 670 1274 
 577 946 
 149 734 
 580 1834 
 60 238 
 657 1813 
 140 1035 
 580 851 
 693 1759 
 198 804 
 675 1852 
 239 238 
 497 1524 
 580 270 
 104 741 
 20 1010 
 580 961 
 693 1585 
 210 149 
 577 1417 
 562 225 
 466 1522 
 529 250 
 311 830 
 121 1495 
 669 1837 
 558 219 
 401 738 
 327 549 
 231 1361 
 688 734 
 319 185 
 144 504 
 145 1405 
 276 743 
 103 1046 
 400 118 
 154 238 
 659 116 
 533 301 
 528 765 
 580 69 
 140 1032 
 337 118 
 693 608 
 300 238 
 140 1141 
 314 1361 
 311 302 
 104 115 
 210 345 
 91 830 
 675 446 
 577 355 
 402 740 
 580 1706 
 80 1522 
 328 361 
 516 1532 
 42 1524 
 64 1044 
 96 351 
 315 1243 
 136 1675 
 667 304 
 8 231 
 59 122 
 140 24 
 693 431 
 658 1524 
 693 685 
 311 718 
 244 733 
 693 434 
 457 116 
 580 1823 
 35 830 
 135 1397 
 122 225 
 224 1807 
 566 238 
 479 739 
 169 744 
 580 830 
 570 1524 
 401 238 
 11 819 
 312 804 
 607 231 
 445 740 
 280 496 
 577 343 
 210 351 
 605 894 
 96 354 
 493 304 
 210 1699 
 418 1212 
 200 1046 
 288 225 
 577 851 
 603 733 
 87 740 
 252 1086 
 577 204 
 282 1687 
 722 29 
 60 744 
 298 804 
 515 733 
 466 116 
 702 238 
 5 1051 
 493 1044 
 484 1355 
 658 302 
 42 718 
 369 1123 
 296 733 
 271 740 
 580 1190 
 140 1548 
 695 383 
 210 1300 
 216 830 
 35 1108 
 677 737 
 580 865 
 713 718 
 281 496 
 728 1901 
 537 1667 
 696 738 
 200 231 
 211 380 
 273 1524 
 693 1898 
 129 1673 
 546 751 
 722 69 
 140 630 
 429 733 
 153 361 
 425 955 
 192 39 
 337 39 
 236 1361 
 270 722 
 722 1752 
 611 1397 
 694 302 
 540 883 
 177 1704 
 103 1044 
 96 887 
 728 608 
 280 231 
 271 735 
 323 1620 
 345 1154 
 580 1391 
 675 343 
 169 1522 
 527 122 
 682 1046 
 693 1570 
 294 1667 
 305 278 
 369 75 
 728 351 
 78 116 
 129 225 
 564 677 
 391 1532 
 728 1636 
 308 1523 
 227 739 
 385 1243 
 693 1901 
 280 739 
 94 733 
 377 929 
 689 138 
 346 1361 
 87 231 
 210 1270 
 366 713 
 688 738 
 722 1440 
 319 739 
 422 301 
 401 1523 
 109 1522 
 662 342 
 614 244 
 613 303 
 238 304 
 657 238 
 693 70 
 121 231 
 675 442 
 385 741 
 54 1360 
 497 1635 
 126 115 
 140 428 
 658 862 
 580 815 
 254 231 
 179 738 
 182 1524 
 271 738 
 273 739 
 142 1673 
 580 903 
 169 718 
 96 343 
 429 498 
 78 1029 
 39 1400 
 675 28 
 577 1086 
 400 122 
 169 220 
 496 898 
 577 1365 
 450 1212 
 710 1684 
 531 238 
 577 923 
 236 1360 
 281 301 
 140 817 
 577 1124 
 207 1400 
 472 1311 
 132 116 
 210 887 
 291 496 
 627 235 
 300 677 
 60 231 
 96 1156 
 580 472 
 80 302 
 179 116 
 96 915 
 145 736 
 17 898 
 35 1121 
 117 304 
 379 1670 
 693 102 
 693 1666 
 372 1360 
 48 1429 
 507 1534 
 154 1524 
 493 116 
 280 250 
 181 740 
 722 334 
 577 55 
 580 439 
 580 1373 
 117 116 
 138 926 
 667 1523 
 577 1874 
 140 961 
 577 21 
 675 1270 
 96 211 
 327 894 
 179 1522 
 96 851 
 515 302 
 315 1534 
 34 128 
 722 270 
 693 817 
 104 220 
 595 1243 
 675 346 
 300 220 
 194 1871 
 360 39 
 675 1901 
 693 1273 
 60 380 
 507 738 
 135 925 
 319 730 
 178 1523 
 558 116 
 401 718 
 531 303 
 402 225 
 662 867 
 140 442 
 104 303 
 270 1879 
 400 713 
 546 531 
 435 733 
 37 751 
 311 735 
 725 1554 
 577 1590 
 722 1420 
 207 1448 
 281 238 
 577 1844 
 140 342 
 281 740 
 200 220 
 348 1670 
 210 888 
 59 733 
 580 801 
 515 740 
 472 39 
 261 115 
 185 39 
 294 1668 
 276 738 
 192 302 
 657 115 
 276 733 
 516 830 
 580 608 
 527 225 
 210 1568 
 71 1668 
 104 1524 
 254 830 
 358 242 
 580 1556 
 335 301 
 722 1725 
 675 496 
 311 305 
 236 1630 
 148 1209 
 121 242 
 238 220 
 35 81 
 722 209 
 580 1278 
 186 231 
 493 225 
 580 867 
 527 115 
 393 761 
 356 830 
 121 719 
 580 97 
 289 942 
 140 1901 
 722 1172 
 240 1475 
 361 1044 
 301 1053 
 728 492 
 722 1568 
 658 839 
 520 220 
 662 1300 
 173 386 
 580 1101 
 619 804 
 163 1620 
 437 242 
 276 735 
 181 1523 
 674 304 
 517 1522 
 127 1473 
 254 302 
 182 496 
 337 739 
 26 329 
 722 913 
 280 1046 
 182 744 
 396 1044 
 210 1581 
 580 1751 
 421 669 
 319 225 
 564 1495 
 300 1654 
 181 734 
 64 1154 
 516 302 
 577 1881 
 731 741 
 291 238 
 693 922 
 393 1354 
 254 733 
 580 1908 
 96 442 
 577 913 
 580 18 
 580 816 
 381 502 
 252 496 
 647 1361 
 577 102 
 179 1673 
 577 350 
 693 345 
 580 1060 
 252 1243 
 199 443 
 728 1270 
 722 1821 
 496 1673 
 580 1279 
 540 371 
 662 204 
 507 744 
 238 718 
 693 1553 
 639 738 
 423 1524 
 280 304 
 64 156 
 722 426 
 693 1897 
 53 740 
 233 1524 
 64 822 
 401 301 
 398 693 
 271 739 
 300 498 
 117 738 
 577 1657 
 515 1523 
 210 1638 
 722 548 
 389 1668 
 566 741 
 158 225 
 369 1109 
 42 739 
 675 1570 
 121 1523 
 504 1777 
 319 751 
 675 1060 
 459 830 
 655 1176 
 577 1141 
 179 718 
 577 1849 
 580 496 
 657 738 
 155 740 
 662 343 
 693 293 
 271 1523 
 580 52 
 131 751 
 115 830 
 239 739 
 722 71 
 210 1852 
 580 1629 
 179 231 
 145 231 
 675 345 
 675 915 
 580 344 
 722 641 
 60 737 
 280 364 
 577 867 
 475 118 
 244 741 
 141 1883 
 693 1296 
 580 1911 
 580 1743 
 653 1360 
 658 1589 
 580 1725 
 667 115 
 577 1548 
 303 1153 
 693 867 
 145 301 
 395 744 
 210 346 
 210 293 
 580 20 
 533 734 
 530 604 
 472 116 
 185 1184 
 101 1776 
 319 354 
 496 1635 
 722 40 
 140 1301 
 186 1361 
 713 830 
 577 442 
 42 220 
 722 492 
 340 719 
 708 1670 
 666 1524 
 104 304 
 281 830 
 677 301 
 319 1291 
 276 1243 
 196 122 
 420 220 
 570 220 
 364 733 
 291 743 
 580 1035 
 96 1282 
 182 740 
 181 225 
 96 323 
 677 740 
 389 1669 
 59 118 
 261 581 
 345 1043 
 580 1835 
 291 804 
 191 830 
 188 59 
 26 1216 
 80 734 
 580 1362 
 679 167 
 662 1699 
 580 800 
 546 1495 
 324 1667 
 189 167 
 239 928 
 273 942 
 254 305 
 207 1401 
 704 1204 
 353 830 
 577 293 
 696 830 
 241 244 
 580 1638 
 547 500 
 566 244 
 387 718 
 558 735 
 155 118 
 493 1154 
 693 1141 
 622 502 
 273 303 
 580 1304 
 358 830 
 580 547 
 220 76 
 364 740 
 493 1524 
 321 1778 
 169 733 
 404 244 
 148 1777 
 289 1605 
 546 116 
 280 323 
 459 1209 
 64 185 
 456 925 
 722 293 
 454 1186 
 115 185 
 677 231 
 675 1257 
 177 1861 
 281 733 
 570 739 
 613 361 
 533 238 
 299 1776 
 244 739 
 496 301 
 584 244 
 722 1186 
 495 739 
 708 1669 
 164 231 
 675 1706 
 494 81 
 722 867 
 167 1280 
 466 830 
 210 350 
 543 305 
 179 114 
 570 115 
 683 182 
 580 108 
 288 39 
 675 1891 
 677 733 
 466 39 
 140 1138 
 324 1669 
 281 734 
 182 1532 
 328 363 
 404 250 
 503 804 
 353 1154 
 722 217 
 455 1668 
 675 323 
 29 1046 
 330 1776 
 725 581 
 694 742 
 318 1291 
 126 39 
 580 428 
 543 242 
 570 122 
 252 1491 
 520 238 
 693 487 
 395 115 
 580 418 
 316 1523 
 96 480 
 430 1397 
 475 323 
 177 167 
 567 304 
 639 231 
 488 238 
 496 380 
 722 1723 
 138 143 
 168 739 
 580 1306 
 69 231 
 58 738 
 724 397 
 693 1068 
 677 302 
 57 719 
 54 1779 
 395 225 
 570 116 
 210 564 
 507 1523 
 185 1524 
 94 734 
 80 735 
 580 887 
 546 942 
 693 97 
 289 1448 
 437 580 
 530 1044 
 337 115 
 423 703 
 516 116 
 318 1450 
 308 718 
 377 1243 
 185 361 
 183 1243 
 252 1154 
 687 1673 
 258 414 
 677 238 
 577 356 
 693 152 
 140 1750 
 136 1010 
 281 743 
 353 301 
 674 302 
 429 304 
 422 35 
 695 1210 
 117 1524 
 685 1667 
 59 302 
 657 167 
 493 302 
 60 677 
 667 738 
 168 1532 
 234 739 
 210 117 
 158 496 
 348 1668 
 18 702 
 356 1043 
 403 1667 
 158 1522 
 199 785 
 493 231 
 261 1583 
 393 143 
 580 152 
 693 482 
 144 502 
 484 1357 
 693 1032 
 281 304 
 364 738 
 609 818 
 192 739 
 281 1473 
 366 1175 
 479 735 
 466 1523 
 693 1441 
 679 1861 
 28 184 
 249 250 
 42 115 
 72 301 
 341 116 
 144 1350 
 311 1243 
 427 242 
 164 122 
 497 1445 
 450 804 
 580 1759 
 192 380 
 30 242 
 639 302 
 459 385 
 214 238 
 37 689 
 662 1297 
 667 734 
 423 1573 
 693 448 
 291 242 
 580 92 
 580 1570 
 328 639 
 299 386 
 577 1757 
 140 739 
 238 740 
 558 733 
 271 238 
 222 1871 
 693 211 
 546 719 
 693 1156 
 675 854 
 422 1534 
 64 693 
 693 1066 
 531 1522 
 637 116 
 57 1736 
 72 489 
 214 718 
 546 804 
 187 220 
 580 888 
 145 302 
 140 1417 
 558 718 
 402 220 
 239 740 
 96 1725 
 693 480 
 20 1630 
 59 116 
 580 946 
 580 1124 
 83 1639 
 308 301 
 675 1636 
 377 540 
 671 244 
 216 303 
 453 318 
 121 303 
 577 1305 
 566 738 
 566 1522 
 201 830 
 419 741 
 527 303 
 662 816 
 693 1581 
 675 1391 
 264 1639 
 693 1271 
 722 1554 
 48 1522 
 543 238 
 670 1271 
 117 231 
 214 115 
 580 341 
 200 1154 
 233 1523 
 718 1537 
 60 735 
 216 304 
 158 118 
 136 1673 
 83 460 
 345 830 
 496 966 
 497 66 
 19 1522 
 667 302 
 166 1914 
 543 1154 
 311 1589 
 472 302 
 421 862 
 69 304 
 675 1126 
 117 733 
 196 116 
 580 1786 
 59 231 
 496 583 
 493 1043 
 271 39 
 261 744 
 577 1832 
 64 786 
 580 1535 
 657 830 
 529 738 
 254 301 
 662 326 
 121 531 
 731 115 
 713 115 
 313 122 
 675 212 
 358 303 
 495 718 
 328 703 
 493 740 
 531 1524 
 631 1673 
 580 1442 
 368 1668 
 617 898 
 675 208 
 80 718 
 580 1711 
 400 115 
 580 1907 
 722 21 
 722 966 
 210 344 
 96 1270 
 558 231 
 445 231 
 140 1721 
 580 323 
 257 747 
 662 1299 
 140 1305 
 253 1673 
 496 677 
 296 225 
 577 817 
 188 713 
 210 608 
 693 1745 
 358 1523 
 497 115 
 200 302 
 200 1524 
 210 449 
 577 1824 
 300 713 
 231 1360 
 297 1043 
 722 1531 
 288 830 
 341 115 
 117 739 
 311 743 
 201 738 
 395 116 
 675 1440 
 240 1180 
 693 342 
 200 122 
 577 685 
 504 1212 
 449 1807 
 577 1004 
 658 734 
 641 303 
 580 1193 
 181 744 
 185 1043 
 580 442 
 148 895 
 181 1522 
 564 496 
 100 1046 
 149 225 
 658 581 
 200 734 
 101 1868 
 421 167 
 319 740 
 19 1523 
 577 1091 
 488 118 
 674 301 
 580 434 
 558 743 
 146 304 
 580 479 
 216 733 
 200 39 
 722 650 
 238 231 
 662 346 
 140 1786 
 677 242 
 26 232 
 693 1535 
 622 500 
 693 340 
 400 677 
 301 1524 
 580 1717 
 168 928 
 711 1789 
 188 584 
 580 799 
 67 250 
 210 1279 
 261 738 
 368 370 
 488 1815 
 566 736 
 69 830 
 509 469 
 543 744 
 337 738 
 96 1793 
 401 115 
 459 738 
 533 304 
 308 1524 
 210 487 
 675 1767 
 200 739 
 674 303 
 252 1124 
 252 1859 
 261 1046 
 35 182 
 728 1305 
 78 1522 
 281 220 
 580 1752 
 96 1167 
 385 739 
 580 1590 
 341 118 
 143 501 
 291 735 
 328 364 
 281 1167 
 268 1044 
 566 118 
 140 1852 
 413 1046 
 402 734 
 353 220 
 149 231 
 263 702 
 722 1262 
 287 278 
 312 639 
 693 1724 
 423 804 
 59 1589 
 210 1636 
 227 122 
 662 830 
 261 718 
 693 103 
 662 351 
 96 449 
 577 419 
 104 116 
 429 1522 
 80 1029 
 730 636 
 74 1534 
 185 225 
 398 231 
 347 1522 
 291 231 
 311 733 
 178 1522 
 652 1669 
 729 318 
 220 1534 
 580 1724 
 178 323 
 140 1593 
 117 225 
 607 734 
 127 739 
 200 115 
 580 1901 
 580 1844 
 722 1497 
 140 612 
 507 739 
 311 244 
 693 71 
 236 386 
 337 740 
 728 685 
 662 1126 
 570 718 
 270 361 
 252 1904 
 199 1361 
 227 302 
 168 219 
 693 1866 
 140 1706 
 722 1290 
 59 305 
 507 740 
 271 1524 
 681 298 
 41 1879 
 181 738 
 580 121 
 694 303 
 185 540 
 264 1529 
 722 1769 
 185 738 
 669 849 
 493 182 
 558 122 
 558 744 
 71 1669 
 580 102 
 577 1852 
 677 823 
 627 1914 
 368 1868 
 307 185 
 108 738 
 539 580 
 662 492 
 140 1553 
 178 739 
 580 215 
 276 736 
 168 735 
 140 431 
 333 225 
 288 219 
 694 733 
 140 449 
 722 496 
 200 219 
 175 1154 
 140 1299 
 661 1473 
 372 1361 
 430 925 
 507 1522 
 220 323 
 693 149 
 158 122 
 580 1267 
 722 801 
 132 122 
 166 830 
 675 888 
 580 1335 
 60 39 
 289 1654 
 730 830 
 210 1086 
 179 739 
 401 303 
 659 118 
 297 1044 
 731 118 
 400 718 
 311 116 
 163 1448 
 291 225 
 662 487 
 270 804 
 342 116 
 157 508 
 163 1154 
 609 1429 
 210 1308 
 281 305 
 239 225 
 580 1091 
 169 116 
 493 739 
 642 303 
 182 738 
 220 1348 
 472 740 
 64 739 
 580 435 
 288 740 
 486 1117 
 177 582 
 567 301 
 210 1491 
 546 1590 
 722 1897 
 664 1509 
 607 1524 
 730 66 
 23 128 
 68 609 
 530 1046 
 580 1748 
 493 738 
 529 1154 
 417 225 
 479 751 
 580 214 
 210 1859 
 188 602 
 246 619 
 528 489 
 178 303 
 566 1523 
 236 370 
 311 744 
 252 487 
 675 887 
 252 801 
 140 352 
 300 304 
 580 1222 
 551 1871 
 300 231 
 301 1523 
 728 574 
 688 238 
 566 744 
 281 738 
 580 22 
 276 737 
 64 1043 
 693 1302 
 227 118 
 543 740 
 580 204 
 328 804 
 495 39 
 115 751 
 577 212 
 454 804 
 281 118 
 244 225 
 52 363 
 516 1524 
 163 361 
 667 1522 
 580 1676 
 577 1901 
 200 66 
 675 340 
 702 225 
 675 1759 
 703 1807 
 169 1523 
 69 735 
 300 225 
 349 1779 
 216 115 
 311 1524 
 675 1757 
 158 739 
 667 301 
 105 242 
 652 804 
 96 448 
 216 718 
 280 225 
 451 1870 
 281 718 
 20 765 
 657 718 
 101 112 
 562 739 
 669 848 
 387 39 
 722 147 
 227 231 
 510 1871 
 677 116 
 675 555 
 648 1113 
 140 1570 
 622 504 
 577 341 
 98 744 
 677 244 
 210 1299 
 558 238 
 683 185 
 570 302 
 122 733 
 334 1401 
 402 738 
 558 39 
 186 1523 
 58 118 
 722 149 
 693 1124 
 186 1668 
 145 118 
 393 572 
 110 220 
 273 740 
 658 242 
 78 1524 
 140 1396 
 276 744 
 422 81 
 436 1668 
 22 1522 
 96 1060 
 543 301 
 238 733 
 675 429 
 146 39 
 516 738 
 80 955 
 361 1046 
 244 231 
 662 345 
 117 115 
 17 795 
 477 602 
 356 39 
 728 203 
 422 1120 
 164 740 
 642 302 
 155 116 
 580 427 
 725 352 
 380 741 
 281 736 
 722 815 
 542 1243 
 731 122 
 662 208 
 567 118 
 479 738 
 57 677 
 127 830 
 547 502 
 210 1752 
 140 738 
 647 203 
 558 118 
 210 913 
 395 718 
 333 231 
 7 750 
 531 718 
 551 1868 
 693 1107 
 140 20 
 468 580 
 186 1669 
 662 685 
 722 1156 
 185 744 
 427 244 
 109 1524 
 140 1491 
 129 1523 
 567 115 
 488 735 
 657 118 
 516 1473 
 685 1670 
 173 1361 
 301 580 
 493 185 
 254 718 
 163 1454 
 580 1257 
 343 792 
 96 1636 
 182 743 
 214 1522 
 330 1360 
 195 1607 
 582 1175 
 658 744 
 87 738 
 404 303 
 722 1572 
 591 584 
 558 305 
 122 301 
 26 1331 
 238 244 
 182 1522 
 722 198 
 722 651 
 722 1441 
 567 116 
 538 1473 
 179 1523 
 497 738 
 722 887 
 348 1669 
 639 718 
 527 718 
 220 218 
 207 1449 
 155 115 
 234 1668 
 722 576 
 182 1311 
 543 304 
 291 305 
 134 225 
 164 238 
 580 103 
 577 1793 
 657 301 
 53 1524 
 301 118 
 210 431 
 261 250 
 487 804 
 371 1669 
 445 225 
 145 115 
