 481 822 
 371 1670 
 722 496 
 166 1914 
 360 830 
 281 736 
 722 1745 
 577 1531 
 226 1529 
 474 751 
 579 219 
 282 1687 
 64 250 
 210 1699 
 688 225 
 227 1522 
 288 220 
 722 1303 
 59 305 
 697 734 
 691 912 
 722 308 
 280 242 
 177 1704 
 501 581 
 280 303 
 502 1044 
 684 738 
 669 1837 
 60 737 
 436 1667 
 566 830 
 140 342 
 507 1154 
 658 303 
 722 867 
 380 741 
 475 496 
 140 1291 
 60 303 
 420 220 
 577 876 
 236 370 
 578 356 
 728 356 
 675 226 
 691 1568 
 240 1180 
 675 204 
 693 1442 
 486 1117 
 660 830 
 677 737 
 580 800 
 577 226 
 64 156 
 328 365 
 488 740 
 566 118 
 567 301 
 609 338 
 61 301 
 401 301 
 181 830 
 291 305 
 298 804 
 145 301 
 609 818 
 577 1303 
 91 830 
 214 225 
 268 66 
 282 370 
 693 442 
 240 1475 
 101 1868 
 280 830 
 84 804 
 662 608 
 210 351 
 423 1523 
 471 500 
 547 500 
 168 739 
 693 356 
 722 1033 
 497 1445 
 579 244 
 662 208 
 693 816 
 693 1570 
 301 225 
 216 231 
 527 1523 
 52 1368 
 316 895 
 725 1554 
 693 854 
 210 343 
 728 308 
 122 740 
 34 128 
 658 739 
 354 926 
 580 1810 
 580 1907 
 580 1391 
 24 116 
 163 1210 
 360 39 
 580 395 
 354 639 
 650 1281 
 254 733 
 270 1524 
 639 744 
 64 302 
 95 1667 
 276 733 
 158 39 
 318 1428 
 490 925 
 675 1156 
 275 242 
 138 926 
 722 71 
 131 212 
 675 1141 
 246 622 
 98 399 
 101 59 
 350 1523 
 64 846 
 647 203 
 511 116 
 389 1667 
 704 1204 
 311 733 
 580 1717 
 117 734 
 580 270 
 297 1154 
 163 1454 
 529 242 
 238 305 
 402 219 
 364 238 
 318 693 
 691 351 
 152 738 
 291 733 
 252 820 
 691 1706 
 277 115 
 181 736 
 558 39 
 210 1636 
 294 1667 
 59 225 
 29 1522 
 156 500 
 497 66 
 693 574 
 566 738 
 300 301 
 136 1914 
 675 685 
 435 735 
 152 744 
 168 1243 
 558 302 
 693 1278 
 220 218 
 343 182 
 200 66 
 546 116 
 145 304 
 140 428 
 366 1523 
 691 1699 
 296 225 
 149 231 
 662 1668 
 63 115 
 291 740 
 200 1046 
 134 303 
 185 1043 
 288 736 
 677 220 
 577 448 
 507 238 
 507 744 
 693 1548 
 261 250 
 543 739 
 350 1186 
 124 242 
 675 1126 
 145 115 
 280 354 
 403 1668 
 214 122 
 657 225 
 60 734 
 657 302 
 278 1583 
 319 1429 
 226 285 
 229 735 
 662 854 
 691 1598 
 60 118 
 691 1308 
 577 914 
 722 147 
 182 1154 
 58 118 
 579 238 
 393 144 
 494 1109 
 149 735 
 567 116 
 20 483 
 430 925 
 658 744 
 259 1447 
 678 220 
 528 804 
 227 830 
 315 1534 
 337 122 
 250 693 
 169 1523 
 210 448 
 693 209 
 319 361 
 722 359 
 131 232 
 329 1776 
 578 323 
 300 734 
 117 302 
 280 740 
 543 740 
 177 167 
 497 413 
 244 1524 
 580 1124 
 502 115 
 590 1668 
 178 739 
 33 925 
 577 851 
 80 1029 
 497 302 
 454 751 
 321 1778 
 502 1522 
 281 830 
 658 738 
 178 244 
 63 231 
 188 59 
 418 862 
 697 238 
 96 1767 
 64 1154 
 63 1879 
 210 52 
 61 219 
 675 426 
 578 830 
 271 303 
 510 1871 
 35 1075 
 148 895 
 347 1360 
 691 418 
 276 734 
 564 488 
 675 1824 
 580 217 
 703 1807 
 513 1670 
 416 1360 
 694 1524 
 414 733 
 96 913 
 166 1230 
 175 1534 
 72 703 
 578 1162 
 131 751 
 42 718 
 655 266 
 667 733 
 264 285 
 674 301 
 240 894 
 417 231 
 580 1126 
 422 1534 
 558 830 
 281 1473 
 693 1305 
 669 1318 
 200 1522 
 281 1291 
 140 69 
 108 738 
 140 1107 
 511 231 
 653 609 
 695 383 
 207 1450 
 658 735 
 258 414 
 271 238 
 488 581 
 181 737 
 722 1638 
 277 118 
 238 733 
 96 905 
 580 915 
 57 1736 
 101 1871 
 281 305 
 353 580 
 627 1526 
 662 1365 
 490 115 
 265 492 
 146 304 
 241 231 
 684 303 
 244 738 
 722 1257 
 564 1495 
 311 736 
 29 1043 
 731 741 
 99 114 
 580 813 
 693 1441 
 675 1852 
 580 429 
 289 361 
 280 225 
 681 298 
 408 1361 
 395 118 
 353 830 
 216 304 
 722 1898 
 580 966 
 531 1534 
 64 116 
 74 830 
 639 225 
 185 39 
 140 1060 
 405 1361 
 103 1046 
 496 1654 
 210 1638 
 650 686 
 675 448 
 282 249 
 166 718 
 662 685 
 121 303 
 193 1509 
 140 487 
 463 386 
 662 1665 
 578 1305 
 678 718 
 164 302 
 677 733 
 353 1154 
 688 238 
 216 115 
 104 231 
 677 1589 
 722 1156 
 389 1668 
 693 1535 
 182 114 
 577 496 
 335 549 
 516 740 
 475 830 
 314 1361 
 675 1793 
 662 431 
 301 489 
 696 740 
 83 460 
 280 1522 
 146 738 
 558 733 
 59 219 
 301 1523 
 726 1665 
 300 733 
 533 238 
 210 887 
 368 1667 
 539 580 
 210 1763 
 288 718 
 693 867 
 19 1522 
 577 1824 
 693 293 
 580 1585 
 691 901 
 113 225 
 546 496 
 580 1794 
 662 1699 
 422 301 
 350 380 
 238 302 
 117 736 
 138 143 
 140 867 
 61 739 
 367 804 
 240 1282 
 280 115 
 146 302 
 211 1361 
 158 1523 
 220 1807 
 76 302 
 691 102 
 577 854 
 662 1298 
 320 1524 
 421 862 
 175 839 
 140 341 
 662 1638 
 296 219 
 714 738 
 567 304 
 210 356 
 324 1669 
 502 1030 
 472 718 
 96 1858 
 281 1044 
 254 302 
 728 1270 
 662 1396 
 105 244 
 35 185 
 335 225 
 247 1311 
 307 185 
 659 116 
 169 122 
 280 1043 
 457 115 
 367 639 
 80 302 
 210 1124 
 722 269 
 722 865 
 650 315 
 57 677 
 722 28 
 216 1523 
 667 39 
 484 1357 
 678 744 
 353 740 
 122 733 
 233 718 
 672 1807 
 613 225 
 667 303 
 104 118 
 694 302 
 496 182 
 420 751 
 730 220 
 249 244 
 305 278 
 722 1657 
 577 1554 
 381 502 
 485 1522 
 666 1523 
 276 1243 
 164 718 
 210 1678 
 667 734 
 303 639 
 385 830 
 163 751 
 580 323 
 377 929 
 211 380 
 369 1779 
 238 220 
 78 1522 
 341 118 
 370 738 
 580 1373 
 94 733 
 232 219 
 511 740 
 438 609 
 352 501 
 155 116 
 728 212 
 319 323 
 515 302 
 152 830 
 54 1779 
 675 341 
 488 231 
 396 1044 
 330 1868 
 245 443 
 399 1355 
 179 718 
 179 118 
 579 718 
 11 819 
 280 364 
 59 244 
 580 204 
 450 804 
 350 306 
 578 1417 
 657 1813 
 214 302 
 20 1010 
 566 744 
 693 487 
 502 242 
 722 198 
 261 118 
 693 1279 
 691 447 
 117 744 
 490 231 
 653 1630 
 615 1348 
 607 738 
 577 427 
 353 116 
 558 744 
 48 1807 
 580 946 
 361 1046 
 677 1524 
 490 677 
 319 488 
 284 449 
 314 1360 
 607 302 
 117 304 
 168 225 
 133 219 
 299 1360 
 566 741 
 580 1190 
 80 225 
 280 185 
 537 1670 
 229 738 
 158 225 
 648 1114 
 313 116 
 253 301 
 694 718 
 580 1897 
 693 336 
 96 1901 
 41 1879 
 154 225 
 670 1274 
 607 740 
 728 323 
 567 305 
 121 220 
 280 744 
 693 1302 
 348 1670 
 528 751 
 580 121 
 61 738 
 261 1043 
 280 284 
 38 238 
 154 1524 
 691 1305 
 691 1769 
 371 1669 
 291 115 
 677 244 
 580 830 
 545 250 
 42 830 
 271 740 
 533 303 
 99 115 
 104 734 
 80 1522 
 289 929 
 140 431 
 578 1852 
 335 301 
 68 609 
 417 225 
 345 1154 
 158 744 
 567 115 
 24 115 
 140 1763 
 21 1010 
 208 1668 
 98 225 
 693 395 
 291 496 
 99 1524 
 580 1303 
 662 487 
 580 887 
 497 1522 
 159 118 
 254 304 
 323 580 
 426 925 
 121 231 
 515 1522 
 369 1075 
 558 736 
 164 238 
 277 116 
 516 118 
 311 739 
 353 225 
 181 740 
 24 118 
 543 220 
 511 118 
 96 431 
 658 718 
 299 1776 
 208 1670 
 580 442 
 488 738 
 533 304 
 401 1523 
 210 341 
 515 740 
 192 733 
 350 1210 
 312 1010 
 516 220 
 254 1523 
 316 1522 
 342 122 
 319 1524 
 239 219 
 512 303 
 80 744 
 570 740 
 117 740 
 493 303 
 98 738 
 319 238 
 216 1522 
 617 693 
 252 738 
 155 718 
 59 231 
 528 315 
 714 250 
 502 301 
 319 751 
 693 1257 
 364 303 
 324 1668 
 479 751 
 126 39 
 713 122 
 179 115 
 414 734 
 182 39 
 667 238 
 490 738 
 311 1243 
 493 266 
 350 302 
 214 580 
 684 1589 
 580 212 
 173 1360 
 97 1046 
 182 549 
 147 116 
 702 220 
 210 270 
 596 306 
 158 304 
 531 303 
 691 1638 
 728 608 
 667 1523 
 356 303 
 152 116 
 702 219 
 63 361 
 607 744 
 493 739 
 252 1699 
 472 1522 
 319 739 
 607 231 
 631 830 
 579 116 
 178 225 
 502 39 
 347 1522 
 504 1665 
 78 744 
 701 804 
 156 502 
 319 867 
 380 830 
 145 738 
 122 301 
 280 1360 
 152 740 
 675 431 
 570 830 
 239 830 
 185 739 
 472 118 
 516 580 
 580 226 
 558 305 
 613 804 
 185 677 
 113 739 
 577 209 
 684 736 
 353 231 
 182 703 
 140 1585 
 113 380 
 159 830 
 68 1291 
 252 1668 
 276 741 
 210 431 
 196 115 
 186 231 
 592 1868 
 566 244 
 38 231 
 132 118 
 529 301 
 691 1396 
 140 608 
 248 1043 
 103 1154 
 580 1279 
 179 225 
 177 581 
 515 738 
 543 242 
 558 301 
 580 448 
 724 115 
 675 608 
 155 115 
 169 740 
 163 580 
 350 804 
 121 1495 
 110 219 
 311 738 
 580 1638 
 233 1523 
 76 303 
 609 1429 
 497 301 
 288 225 
 328 361 
 566 122 
 64 1524 
 181 734 
 691 449 
 37 285 
 270 804 
 566 219 
 145 736 
 63 1044 
 169 830 
 402 220 
 158 830 
 358 1668 
 511 1522 
 129 220 
 675 354 
 502 1029 
 271 738 
 311 116 
 159 238 
 280 496 
 291 242 
 138 639 
 254 115 
 414 735 
 220 323 
 169 718 
 691 1124 
 182 736 
 479 739 
 275 693 
 281 496 
 178 1043 
 196 116 
 607 219 
 504 1668 
 558 738 
 294 1668 
 60 39 
 731 303 
 158 733 
 693 887 
 693 1270 
 516 738 
 688 304 
 169 1522 
 148 1668 
 502 739 
 140 1298 
 158 301 
 182 219 
 281 739 
 268 1044 
 319 203 
 728 354 
 236 1868 
 210 1270 
 291 231 
 104 549 
 117 114 
 254 839 
 271 225 
 731 301 
 121 219 
 20 488 
 364 225 
 693 1304 
 73 182 
 377 1243 
 515 718 
 580 1362 
 377 1532 
 473 118 
 516 1473 
 104 738 
 96 70 
 210 1568 
 127 739 
 558 1524 
 98 744 
 316 740 
 511 580 
 261 303 
 187 225 
 580 1665 
 140 1124 
 390 1532 
 546 862 
 728 351 
 200 115 
 691 52 
 726 1548 
 200 734 
 445 225 
 570 303 
 675 102 
 158 118 
 677 738 
 579 734 
 693 226 
 96 1548 
 468 255 
 227 231 
 420 219 
 401 489 
 303 693 
 276 744 
 181 733 
 580 344 
 226 1639 
 366 225 
 728 1305 
 220 1291 
 271 733 
 693 1590 
 570 118 
 216 122 
 140 1823 
 163 929 
 281 302 
 551 1868 
 693 1745 
 152 1522 
 58 303 
 531 231 
 67 244 
 175 116 
 368 1361 
 210 117 
 261 744 
 186 1360 
 722 1904 
 400 740 
 697 736 
 547 502 
 164 740 
 577 1849 
 214 303 
 291 238 
 516 122 
 502 738 
 524 894 
 220 160 
 482 399 
 527 122 
 341 116 
 80 733 
 693 1666 
 558 303 
 693 148 
 8 231 
 140 1396 
 164 225 
 96 685 
 80 735 
 29 1044 
 580 1060 
 140 804 
 124 250 
 678 740 
 227 303 
 391 1532 
 401 1524 
 186 1669 
 731 116 
 96 1570 
 567 118 
 492 804 
 516 225 
 154 238 
 252 1396 
 328 1573 
 580 209 
 607 739 
 96 105 
 101 484 
 96 1417 
 181 1029 
 337 118 
 367 783 
 200 302 
 722 1535 
 637 116 
 580 1257 
 427 303 
 61 733 
 717 238 
 98 238 
 684 231 
 570 220 
 381 1350 
 275 719 
 372 1360 
 693 342 
 227 718 
 697 733 
 722 209 
 200 219 
 570 238 
 140 1572 
 43 734 
 96 203 
 728 492 
 61 303 
 722 1554 
 496 583 
 280 301 
 639 740 
 577 1396 
 643 116 
 569 602 
 566 301 
 677 744 
 395 739 
 580 1497 
 723 1396 
 676 114 
 580 1305 
 58 225 
 429 956 
 126 118 
 495 1523 
 169 303 
 592 1871 
 76 1522 
 183 1243 
 117 305 
 140 1881 
 78 225 
 412 738 
 182 1046 
 580 89 
 497 1046 
 369 1121 
 103 1044 
 583 1361 
 121 719 
 613 118 
 577 608 
 329 280 
 72 301 
 163 354 
 96 1491 
 140 1086 
 241 244 
 261 1154 
 662 203 
 64 639 
 234 1361 
 688 744 
 580 1571 
 252 204 
 238 734 
 216 718 
 210 1858 
 502 182 
 662 1417 
 104 116 
 675 950 
 88 804 
 20 765 
 536 242 
 577 1528 
 400 738 
 562 741 
 281 118 
 350 1046 
 691 923 
 99 225 
 708 1669 
 226 460 
 564 719 
 497 354 
 240 1186 
 252 1124 
 613 361 
 85 1046 
 59 304 
 210 492 
 64 744 
 502 1524 
 366 238 
 472 39 
 662 496 
 405 280 
 312 639 
 477 602 
 440 1868 
 280 66 
 479 735 
 607 220 
 254 1522 
 273 1524 
 580 40 
 199 785 
 693 1866 
 140 18 
 140 343 
 316 441 
 609 804 
 300 302 
 296 220 
 566 220 
 96 887 
 580 92 
 531 830 
 99 718 
 658 751 
 502 118 
 64 225 
 260 238 
 483 115 
 457 122 
 64 231 
 152 739 
 531 1243 
 435 733 
 607 1524 
 577 1592 
 182 1311 
 275 244 
 459 385 
 273 225 
 232 733 
 105 242 
 96 346 
 437 580 
 192 303 
 570 116 
 688 302 
 693 946 
 613 738 
 198 744 
 728 1901 
 667 304 
 192 739 
 578 1126 
 17 795 
 113 736 
 139 231 
 693 913 
 418 306 
 214 718 
 60 740 
 684 244 
 580 18 
 72 489 
 140 1750 
 496 738 
 546 1291 
 730 636 
 570 225 
 140 1033 
 494 804 
 238 304 
 288 733 
 290 1667 
 181 1473 
 531 703 
 159 744 
 693 447 
 697 231 
 261 740 
 577 293 
 165 830 
 395 303 
 300 303 
 159 740 
 96 270 
 244 742 
 607 303 
 113 301 
 562 302 
 667 740 
 273 303 
 350 1822 
 140 340 
 502 1046 
 70 1674 
 324 1667 
 713 116 
 198 1799 
 646 895 
 580 608 
 691 1554 
 168 733 
 345 1044 
 496 581 
 497 1605 
 631 115 
 497 744 
 254 740 
 723 851 
 691 1430 
 35 1113 
 43 735 
 578 355 
 377 932 
 580 1107 
 543 244 
 577 447 
 658 1524 
 728 1636 
 577 323 
 63 703 
 485 1523 
 239 1524 
 468 250 
 110 220 
 457 116 
 69 303 
 728 801 
 299 1868 
 722 1897 
 722 1440 
 238 735 
 567 122 
 64 739 
 26 1336 
 96 1300 
 210 487 
 224 318 
 117 118 
 356 718 
 693 211 
 270 739 
 693 97 
 667 302 
 543 238 
 722 1721 
 454 1243 
 675 854 
 227 1046 
 713 718 
 117 301 
 693 685 
 281 116 
 693 1793 
 440 785 
 104 1524 
 497 1524 
 291 738 
 232 220 
 722 912 
 622 501 
 96 851 
 725 581 
 328 364 
 650 1701 
 169 225 
 505 929 
 622 502 
 136 1677 
 684 242 
 261 323 
 46 244 
 280 867 
 63 302 
 577 1830 
 187 220 
 566 1524 
 191 244 
 650 1900 
 682 1522 
 117 741 
 166 1807 
 159 1524 
 580 1282 
 468 580 
 140 204 
 195 370 
 311 225 
 87 740 
 693 21 
 101 785 
 353 301 
 152 301 
 80 734 
 689 1519 
 139 225 
 229 250 
 63 1360 
 48 1154 
 400 302 
 152 238 
 650 3 
 353 118 
 248 1046 
 580 108 
 61 220 
 497 1635 
 577 356 
 210 1852 
 454 1619 
 694 733 
 63 1046 
 722 1723 
 696 1523 
 76 1523 
 42 115 
 691 1300 
 204 39 
 516 301 
 717 225 
 140 1767 
 297 1046 
 246 619 
 187 231 
 198 804 
 693 52 
 484 1354 
 722 1391 
 220 1534 
 691 1391 
 323 804 
 350 1635 
 728 203 
 580 343 
 577 1124 
 76 238 
 401 740 
 457 118 
 577 946 
 662 1107 
 139 1522 
 693 1898 
 351 804 
 210 293 
 54 1360 
 159 115 
 200 220 
 550 39 
 261 304 
 181 115 
 104 220 
 281 225 
 691 448 
 159 122 
 429 1523 
 287 278 
 531 738 
 493 301 
 182 739 
 330 1360 
 343 793 
 445 238 
 507 303 
 414 244 
 227 1524 
 580 97 
 516 1532 
 234 739 
 227 122 
 550 242 
 136 1010 
 319 399 
 234 1522 
 167 1280 
 550 250 
 142 185 
 684 1523 
 350 744 
 578 1307 
 693 419 
 693 922 
 144 500 
 566 225 
 143 503 
 693 1417 
 580 1335 
 134 225 
 558 242 
 358 867 
 145 734 
 500 370 
 385 1534 
 398 1532 
 546 531 
 200 1154 
 192 302 
 63 639 
 139 115 
 577 431 
 639 304 
 657 303 
 64 1252 
 140 1706 
 591 1871 
 722 293 
 16 719 
 675 345 
 577 967 
 488 1154 
 360 925 
 497 39 
 168 738 
 722 1302 
 654 361 
 58 116 
 675 1553 
 429 305 
 577 203 
 693 1141 
 711 1789 
 650 1902 
 566 1274 
 175 1605 
 234 1668 
 577 1548 
 520 238 
 580 1908 
 693 1567 
 667 115 
 693 914 
 216 830 
 307 1102 
 675 1302 
 673 1113 
 254 231 
 80 1523 
 261 738 
 349 1779 
 252 801 
 18 59 
 210 1665 
 692 740 
 543 231 
 401 115 
 657 693 
 96 442 
 181 718 
 577 1536 
 37 751 
 185 1046 
 271 304 
 722 480 
 566 238 
 516 718 
 145 740 
 210 1491 
 722 1426 
 507 302 
 64 693 
 291 737 
 728 1767 
 459 738 
 356 739 
 323 1778 
 104 739 
 252 1554 
 613 1523 
 227 739 
 691 1678 
 667 718 
 321 1534 
 78 116 
 622 500 
 149 734 
 289 751 
 145 741 
 337 739 
 300 738 
 350 677 
 100 1046 
 693 1391 
 358 231 
 239 740 
 688 735 
 497 1604 
 64 1046 
 321 928 
 140 352 
 386 1355 
 493 302 
 353 303 
 71 1668 
 515 1154 
 315 718 
 238 740 
 427 244 
 143 502 
 64 1583 
 488 1815 
 678 739 
 60 115 
 229 719 
 101 1361 
 296 733 
 140 1793 
 227 238 
 214 231 
 722 612 
 366 1175 
 227 225 
 271 830 
 675 1091 
 402 238 
 558 231 
 456 116 
 722 913 
 566 304 
 98 1243 
 273 830 
 722 1881 
 517 1524 
 543 302 
 546 1522 
 722 29 
 59 734 
 37 1360 
 223 78 
 311 740 
 472 1524 
 580 641 
 643 118 
 350 1736 
 214 738 
 192 380 
 674 302 
 577 341 
 252 1141 
 238 242 
 493 1523 
 580 1745 
 693 1365 
 466 303 
 217 925 
 122 303 
 104 225 
 692 955 
 577 1568 
 691 442 
 558 115 
 677 238 
 560 830 
 99 740 
 691 426 
 580 1678 
 722 641 
 693 1189 
 182 1044 
 99 1469 
 693 950 
 96 448 
 358 1523 
 466 118 
 714 242 
 182 744 
 185 225 
 76 830 
 138 144 
 26 150 
 511 301 
 353 238 
 384 664 
 722 492 
 145 305 
 59 238 
 667 735 
 281 220 
 720 317 
 63 76 
 216 301 
 122 302 
 472 122 
 140 1568 
 400 718 
 607 736 
 109 1524 
 684 718 
 675 801 
 280 739 
 677 118 
 580 21 
 497 122 
 691 1138 
 140 1138 
 20 160 
 675 449 
 472 225 
 570 231 
 679 167 
 72 1620 
 263 1154 
 59 115 
 319 1292 
 641 303 
 356 830 
 571 1473 
 182 231 
 577 1279 
 527 739 
 140 1365 
 76 739 
 96 447 
 580 1629 
 43 737 
 577 867 
 678 301 
 210 442 
 186 1668 
 529 1522 
 728 867 
 580 472 
 122 231 
 61 238 
 140 203 
 140 29 
 713 118 
 722 1262 
 402 225 
 144 1350 
 168 304 
 437 244 
 69 231 
 318 1291 
 677 302 
 59 116 
 290 1668 
 332 1667 
 289 580 
 693 105 
 675 1303 
 670 1268 
 252 1678 
 222 1361 
 232 1532 
 76 122 
 300 219 
 229 1526 
 722 1107 
 577 1210 
 261 1524 
 488 304 
 349 1075 
 662 349 
 163 1448 
 76 225 
 490 683 
 580 52 
 571 677 
 577 1759 
 577 351 
 643 1807 
 714 244 
 64 830 
 564 323 
 39 1399 
 340 1667 
 675 1665 
 252 1667 
 402 740 
 182 830 
 693 71 
 69 830 
 261 231 
 238 744 
 658 302 
 722 1866 
 580 901 
 577 342 
 708 1667 
 174 1155 
 543 733 
 674 303 
 85 1043 
 178 1522 
 657 830 
 145 225 
 675 1417 
 280 1044 
 99 830 
 580 449 
 216 302 
 300 677 
 229 734 
 96 354 
 577 1581 
 289 1605 
 353 304 
 216 744 
 138 850 
 580 1590 
 227 39 
 335 305 
 319 804 
 662 1548 
 693 1768 
 271 220 
 722 472 
 226 466 
 675 1391 
 288 738 
 78 115 
 200 738 
 400 118 
 138 1532 
 577 426 
 611 925 
 246 620 
 577 70 
 422 1386 
 678 302 
 401 231 
 158 116 
 374 1252 
 577 1700 
 395 231 
 234 1670 
 150 932 
 216 118 
 395 225 
 454 693 
 261 1560 
 722 1362 
 677 301 
 691 1634 
 182 1705 
 696 739 
 658 830 
 472 303 
 495 116 
 238 244 
 332 1291 
 377 218 
 603 733 
 318 1429 
 291 225 
 395 115 
 192 1243 
 647 1361 
 570 718 
 486 380 
 185 238 
 319 920 
 502 303 
 580 1284 
 327 549 
 459 386 
 64 862 
 327 895 
 60 744 
 165 1044 
 657 1046 
 675 69 
 216 739 
 570 1524 
 658 244 
 61 225 
 135 925 
 580 1548 
 271 1522 
 693 924 
 493 118 
 164 303 
 662 1669 
 360 474 
 104 718 
 58 238 
 531 718 
 210 354 
 289 719 
 662 340 
 179 1524 
 482 1693 
 140 496 
 577 1901 
 502 250 
 177 606 
 69 733 
 722 1304 
 20 484 
 662 830 
 227 1523 
 662 447 
 140 102 
 650 1740 
 200 225 
 341 115 
 379 1668 
 284 651 
 117 231 
 181 739 
 648 1113 
 562 738 
 693 1678 
 78 1523 
 580 62 
 99 1523 
 545 242 
 318 1399 
 398 231 
 558 244 
 290 1670 
 210 1641 
 473 122 
 60 738 
 566 1523 
 577 816 
 693 212 
 429 304 
 540 1415 
 497 1154 
 429 301 
 474 1447 
 708 1668 
 577 1862 
 580 801 
 678 738 
 675 1641 
 720 316 
 224 1807 
 396 1045 
 58 122 
 328 804 
 580 1747 
 347 739 
 607 238 
 281 323 
 134 304 
 691 1629 
 76 118 
 484 1355 
 507 250 
 96 1167 
 261 122 
 722 69 
 113 738 
 566 735 
 558 122 
 288 231 
 693 18 
 675 323 
 154 1523 
 693 813 
 71 1669 
 261 1523 
 722 426 
 488 693 
 166 830 
 691 1365 
 169 1534 
 418 59 
 311 244 
 297 1044 
 657 1044 
 468 677 
 497 304 
 466 1522 
 393 1357 
 140 1570 
 294 1669 
 129 839 
 393 1354 
 580 22 
 358 323 
 691 1570 
 169 744 
 58 744 
 311 581 
 61 740 
 308 1522 
 311 737 
 418 1212 
 222 1360 
 658 1045 
 166 739 
 693 1742 
 271 301 
 691 1581 
 676 718 
 254 1043 
 80 740 
 210 1254 
 191 250 
 233 1522 
 48 751 
 661 1473 
 580 961 
 154 1522 
 675 442 
 145 830 
 579 740 
 210 612 
 35 182 
 577 212 
 468 244 
 196 122 
 699 1524 
 200 122 
 580 1556 
 654 1524 
 531 1046 
 515 1523 
 400 225 
 158 115 
 166 862 
 475 118 
 662 1300 
 168 735 
 493 250 
 238 225 
 457 1473 
 182 1522 
 579 1589 
 99 1473 
 501 1549 
 252 1126 
 497 830 
 654 804 
 264 460 
 163 719 
 658 231 
 507 738 
 318 1448 
 252 487 
 577 529 
 273 1154 
 731 118 
 26 1339 
 182 1523 
 520 220 
 580 1570 
 185 1044 
 371 1667 
 200 1524 
 185 1523 
 405 693 
 726 29 
 693 903 
 121 238 
 643 122 
 722 1335 
 570 301 
 59 736 
 59 744 
 129 1674 
 53 1523 
 311 242 
 181 225 
 463 785 
 722 55 
 90 1449 
 488 839 
 163 115 
 472 744 
 254 118 
 252 496 
 515 225 
 727 1520 
 695 389 
 181 1523 
 725 352 
 722 1005 
 145 744 
 456 925 
 301 1524 
 691 70 
 288 238 
 380 1534 
 493 116 
 608 1212 
 337 738 
 153 926 
 291 302 
 668 225 
 671 242 
 558 304 
 245 581 
 580 924 
 200 733 
 58 738 
 584 244 
 580 1823 
 657 738 
 364 302 
 99 301 
 348 1668 
 675 529 
 29 1524 
 493 242 
 678 118 
 59 220 
 691 1901 
 425 955 
 662 343 
 96 343 
 488 303 
 474 580 
 581 128 
 577 492 
 185 380 
 693 1657 
 614 244 
 140 449 
 691 1763 
 710 156 
 485 286 
 78 738 
 189 167 
 693 608 
 141 1668 
 283 1532 
 323 602 
 195 1684 
 260 220 
 696 738 
 416 1361 
 353 66 
 495 231 
 161 1360 
 401 738 
 688 739 
 530 604 
 684 225 
 691 1906 
 702 231 
 129 744 
 238 301 
 511 744 
 231 1360 
 117 122 
 117 238 
 210 69 
 502 302 
 685 1670 
 715 242 
 722 1441 
 726 854 
 580 905 
 291 301 
 339 925 
 413 1044 
 214 744 
 343 792 
 226 751 
 527 303 
 59 302 
 558 1589 
 475 122 
 64 118 
 210 1293 
 728 1570 
 490 703 
 96 1706 
 350 301 
 404 250 
 427 302 
 64 115 
 281 734 
 691 1101 
 59 738 
 511 733 
 210 1786 
 131 677 
 252 1524 
 216 1576 
 527 738 
 158 718 
 693 529 
 490 1311 
 66 1511 
 488 1046 
 577 208 
 178 496 
 59 122 
 580 851 
 90 1448 
 42 738 
 59 740 
 63 1043 
 254 1524 
 722 18 
 226 1212 
 533 734 
 490 303 
 277 122 
 687 1043 
 236 693 
 578 1172 
 260 231 
 96 487 
 280 231 
 658 238 
 453 306 
 631 118 
 520 219 
 693 1901 
 340 1670 
 678 304 
 675 1759 
 20 677 
 185 1524 
 98 302 
 332 693 
 300 231 
 615 605 
 728 1548 
 300 739 
 68 289 
 265 851 
 194 1280 
 401 225 
 580 1826 
 281 39 
 675 203 
 693 152 
 447 1669 
 168 238 
 179 740 
 695 1210 
 540 278 
 693 1303 
 60 302 
 165 1046 
 140 351 
 80 830 
 280 116 
 300 830 
 577 1570 
 211 1360 
 580 765 
 722 1297 
 496 693 
 169 738 
 631 116 
 277 301 
 214 1522 
 569 1630 
 261 1522 
 182 304 
 121 302 
 182 301 
 529 739 
 64 304 
 356 1154 
 96 915 
 691 801 
 300 498 
 367 926 
 387 734 
 77 498 
 605 895 
 496 823 
 657 1814 
 100 1043 
 301 122 
 313 118 
 662 1491 
 533 744 
 104 302 
 466 122 
 96 480 
 648 1115 
 155 118 
 156 501 
 353 733 
 580 1222 
 402 738 
 401 718 
 222 1871 
 657 301 
 280 39 
 210 1086 
 17 703 
 140 20 
 200 718 
 268 1043 
 639 718 
 497 1043 
 356 1043 
 697 220 
 140 1150 
 657 1815 
 508 677 
 679 830 
 387 718 
 271 739 
 201 302 
 693 966 
 76 1532 
 715 244 
 182 734 
 337 303 
 208 1669 
 657 1522 
 393 1355 
 300 735 
 35 602 
 691 1866 
 364 703 
 582 1870 
 423 639 
 577 1305 
 181 116 
 578 1901 
 96 293 
 300 305 
 138 1429 
 693 1150 
 42 39 
 71 1670 
 358 830 
 546 115 
 145 718 
 722 1290 
 254 238 
 662 1667 
 373 255 
 140 877 
 115 751 
 722 149 
 577 69 
 693 1908 
 493 1044 
 684 741 
 722 1572 
 477 59 
 472 302 
 396 1043 
 726 426 
 252 1669 
 564 867 
 580 71 
 67 250 
 490 116 
 684 238 
 187 219 
 722 651 
 15 361 
 472 301 
 353 39 
 321 804 
 76 231 
 126 116 
 543 1154 
 164 304 
 163 804 
 140 612 
 117 225 
 446 115 
 402 736 
 96 351 
 577 487 
 281 733 
 334 1399 
 497 118 
 437 242 
 58 1522 
 667 744 
 580 1881 
 239 238 
 564 677 
 678 122 
 179 738 
 577 817 
 661 733 
 691 1852 
 414 738 
 693 340 
 236 1776 
 731 302 
 702 238 
 60 739 
 580 1723 
 558 734 
 511 39 
 98 733 
 85 1044 
 63 744 
 300 693 
 69 735 
 454 1879 
 96 1293 
 479 742 
 487 804 
 582 1175 
 59 718 
 176 1360 
 240 185 
 312 804 
 316 1523 
 484 1351 
 214 739 
 530 1044 
 497 740 
 658 225 
 216 303 
 241 1523 
 61 304 
 686 320 
 163 1620 
 693 343 
 185 303 
 579 830 
 502 830 
 113 740 
 507 225 
 147 118 
 579 738 
 693 323 
 401 114 
 580 1033 
 712 1362 
 140 854 
 182 225 
 577 1657 
 617 677 
 533 740 
 570 744 
 96 1295 
 667 116 
 16 1807 
 429 1522 
 722 966 
 579 744 
 210 854 
 484 572 
 241 1522 
 414 567 
 229 739 
 580 630 
 196 242 
 675 351 
 726 651 
 356 244 
 722 334 
 527 718 
 214 238 
 507 830 
 281 744 
 311 219 
 122 718 
 399 1354 
 124 244 
 116 1063 
 169 1311 
 726 851 
 63 738 
 96 323 
 653 1361 
 291 804 
 675 342 
 67 1029 
 142 1654 
 136 1807 
 511 302 
 335 677 
 722 270 
 133 220 
 577 1597 
 693 1060 
 577 354 
 367 1582 
 384 1654 
 722 1852 
 236 1360 
 280 304 
 469 739 
 158 496 
 516 733 
 19 1524 
 691 851 
 63 1523 
 469 955 
 200 231 
 671 303 
 693 341 
 722 817 
 263 751 
 728 1793 
 691 108 
 253 830 
 566 302 
 488 116 
 639 738 
 691 429 
 194 1871 
 490 862 
 64 718 
 728 685 
 129 225 
 250 709 
 238 718 
 577 1750 
 252 492 
 164 122 
 450 792 
 216 1524 
 527 115 
 127 1469 
 613 639 
 693 1497 
 104 115 
 579 1524 
 675 1254 
 577 1678 
 239 225 
 313 122 
 445 740 
 48 1523 
 311 39 
 129 219 
 359 804 
 358 242 
 261 718 
 579 303 
 296 238 
 580 1156 
 329 1360 
 515 220 
 238 739 
 422 1109 
 566 1522 
 210 1901 
 691 1553 
 493 740 
 580 1417 
 675 1636 
 422 1075 
 684 734 
 695 386 
 402 733 
 216 116 
 662 1891 
 185 1184 
 412 734 
 244 225 
 419 739 
 722 576 
 577 1138 
 76 718 
 64 1522 
 319 925 
 163 1154 
 657 39 
 579 305 
 122 741 
 577 21 
 493 1583 
 96 449 
 517 1523 
 546 751 
 194 1868 
 99 739 
 140 442 
 402 744 
 580 487 
 210 1629 
 275 225 
 207 1399 
 667 301 
 71 1667 
 472 116 
 350 156 
 109 1523 
 358 1669 
 577 1585 
 577 1757 
 276 736 
 580 198 
 691 876 
 109 1576 
 675 489 
 288 739 
 577 877 
 728 1491 
 181 738 
 691 685 
 488 830 
 185 301 
 404 242 
 722 1585 
 17 1599 
 504 1212 
 330 1361 
 101 1776 
 121 301 
 693 355 
 643 718 
 98 739 
 693 1638 
 684 115 
 185 185 
 429 302 
 319 354 
 185 925 
 80 738 
 147 115 
 722 650 
 252 431 
 463 1360 
 667 225 
 691 765 
 693 641 
 116 1018 
 58 39 
 227 738 
 528 765 
 185 496 
 238 738 
 236 1361 
 264 1529 
 200 244 
 151 1817 
 140 1305 
 612 718 
 236 1630 
 244 733 
 233 39 
 691 887 
 537 1667 
 412 733 
 540 883 
 152 303 
 664 1509 
 580 1365 
 244 302 
 577 346 
 674 304 
 278 1584 
 411 735 
 423 804 
 580 1426 
 675 1570 
 182 738 
 571 830 
 450 1212 
 210 608 
 109 1010 
 405 1776 
 64 738 
 678 736 
 178 323 
 495 118 
 108 1677 
 511 238 
 580 447 
 722 1851 
 48 1522 
 157 508 
 537 1669 
 473 116 
 580 440 
 152 39 
 405 386 
 134 1667 
 182 1532 
 254 1046 
 678 735 
 104 219 
 567 303 
 697 735 
 301 116 
 458 231 
 140 1678 
 577 102 
 321 218 
 252 447 
 337 744 
 693 1581 
 627 1914 
 384 572 
 22 1523 
 64 822 
 77 589 
 453 318 
 401 739 
 366 488 
 402 231 
 117 39 
 393 850 
 693 630 
 725 851 
 16 925 
 387 1524 
 691 1636 
 577 1298 
 350 489 
 659 118 
 570 738 
 502 744 
 60 225 
 254 1044 
 639 231 
 429 955 
 693 1741 
 270 1879 
 675 1884 
 159 225 
 252 1581 
 401 118 
 83 1529 
 511 830 
 61 734 
 273 400 
 488 744 
 423 1524 
 169 1243 
 490 118 
 22 1522 
 533 231 
 308 301 
 347 740 
 657 1043 
 445 738 
 693 1661 
 646 894 
 677 242 
 564 301 
 301 830 
 356 1046 
 688 738 
 175 830 
 158 238 
 580 1741 
 577 345 
 288 830 
 216 738 
 104 238 
 210 867 
 159 116 
 662 1297 
 311 734 
 239 928 
 210 345 
 652 1210 
 580 1032 
 420 114 
 72 1532 
 182 116 
 299 386 
 280 1154 
 168 219 
 210 355 
 214 1523 
 136 1675 
 580 1308 
 354 1044 
 395 738 
 80 955 
 595 1534 
 159 303 
 291 744 
 524 733 
 580 1150 
 299 1361 
 691 419 
 511 303 
 140 1847 
 178 250 
 577 1060 
 185 738 
 68 1840 
 140 739 
 546 323 
 580 1091 
 722 70 
 727 1519 
 496 1674 
 268 39 
 319 1291 
 104 305 
 642 303 
 511 115 
 580 1834 
 275 1522 
 615 76 
 511 739 
 507 1522 
 145 116 
 59 1589 
 253 1154 
 229 242 
 543 303 
 580 20 
 63 182 
 580 69 
 693 208 
 127 830 
 627 235 
 368 370 
 291 734 
 722 1172 
 63 1524 
 429 498 
 13 488 
 261 1044 
 488 735 
 271 231 
 418 278 
 154 231 
 42 740 
 140 1491 
 495 122 
 296 303 
 402 734 
 210 1060 
 69 304 
 497 1044 
 496 839 
 374 1238 
 186 1522 
 504 1777 
 524 804 
 289 804 
 146 303 
 577 1638 
 329 1343 
 570 302 
 580 1851 
 96 340 
 580 1189 
 99 116 
 639 302 
 254 496 
 547 503 
 109 1522 
 580 914 
 577 1553 
 155 122 
 200 736 
 303 804 
 261 1583 
 722 1629 
 227 115 
 580 816 
 427 250 
 240 890 
 280 323 
 64 266 
 516 1522 
 145 219 
 538 1473 
 502 932 
 402 735 
 292 225 
 580 799 
 580 1137 
 692 956 
 675 1270 
 507 1523 
 731 733 
 580 439 
 693 204 
 464 1674 
 179 231 
 577 1365 
 577 1763 
 580 431 
 117 830 
 722 854 
 389 1670 
 675 1305 
 364 733 
 308 718 
 664 1817 
 140 744 
 674 305 
 64 1043 
 558 225 
 17 894 
 580 216 
 192 740 
 695 388 
 417 238 
 662 867 
 675 1548 
 311 302 
 319 740 
 342 115 
 60 735 
 239 739 
 529 1154 
 693 1592 
 182 118 
 531 225 
 513 1669 
 370 1010 
 214 733 
 673 1115 
 337 39 
 369 1123 
 570 1522 
 657 1672 
 260 219 
 252 1297 
 671 244 
 566 115 
 186 1361 
 87 738 
 728 1300 
 241 250 
 450 793 
 693 1491 
 577 1874 
 693 1107 
 580 1904 
 236 786 
 493 182 
 20 380 
 693 576 
 311 304 
 675 612 
 404 303 
 722 574 
 120 639 
 254 225 
 159 738 
 579 242 
 662 341 
 436 1670 
 140 1554 
 365 932 
 140 876 
 210 149 
 472 231 
 204 1524 
 101 112 
 281 238 
 684 118 
 516 830 
 63 118 
 140 851 
 729 318 
 145 220 
 140 685 
 691 428 
 497 738 
 19 39 
 370 242 
 254 738 
 580 346 
 691 487 
 58 830 
 252 1491 
 502 266 
 291 735 
 368 1868 
 678 115 
 33 830 
 493 115 
 577 685 
 466 1523 
 185 540 
 422 1779 
 169 1524 
 244 39 
 577 1107 
 558 220 
 254 1154 
 294 1670 
 90 1399 
 722 1858 
 288 740 
 316 733 
 493 304 
 216 740 
 69 302 
 244 301 
 140 447 
 693 354 
 662 1124 
 163 1568 
 562 742 
 207 1449 
 579 735 
 96 492 
 580 419 
 580 815 
 583 1360 
 639 220 
 693 1271 
 466 39 
 60 231 
 42 220 
 63 225 
 668 238 
 678 733 
 185 302 
 435 734 
 496 740 
 684 304 
 531 302 
 691 28 
 167 295 
 275 301 
 65 1670 
 497 225 
 570 1523 
 722 815 
 275 220 
 99 231 
 677 303 
 566 116 
 580 1641 
 26 1340 
 691 1497 
 200 238 
 677 736 
 580 576 
 30 244 
 83 1639 
 332 117 
 140 1032 
 210 1300 
 423 361 
 422 1120 
 577 1891 
 368 1668 
 358 1670 
 354 1807 
 579 733 
 244 830 
 68 380 
 675 1491 
 254 744 
 570 115 
 546 1495 
 527 116 
 731 738 
 670 1271 
 280 122 
 178 203 
 210 344 
 421 167 
 495 1524 
 64 1914 
 691 1786 
 139 1523 
 691 226 
 15 380 
 497 496 
 580 358 
 140 1301 
 493 496 
 577 1598 
 580 547 
 280 1524 
 577 1254 
 482 412 
 318 1427 
 330 1776 
 722 1768 
 673 1114 
 152 1524 
 722 1420 
 178 118 
 580 1858 
 580 913 
 728 487 
 244 740 
 577 442 
 149 225 
 59 739 
 693 345 
 643 225 
 675 208 
 677 718 
 722 1417 
 210 70 
 238 303 
 678 231 
 148 1210 
 373 244 
 577 1417 
 454 218 
 303 1524 
 149 303 
 117 738 
 352 502 
 543 693 
 657 739 
 578 1665 
 580 135 
 657 740 
 321 238 
 580 1441 
 364 220 
 96 1699 
 214 116 
 666 1522 
 291 736 
 323 1620 
 577 1141 
 657 718 
 543 735 
 117 303 
 252 1670 
 488 718 
 273 739 
 159 301 
 381 500 
 551 1871 
 566 242 
 364 718 
 60 301 
 179 122 
 580 1568 
 702 225 
 140 345 
 580 428 
 350 303 
 319 1029 
 419 741 
 502 1583 
 675 1901 
 340 1668 
 318 1449 
 200 744 
 658 734 
 400 677 
 121 531 
 254 718 
 580 1721 
 691 496 
 344 1360 
 210 1581 
 168 1532 
 495 739 
 328 1532 
 179 1523 
 490 1522 
 496 677 
 140 1721 
 221 925 
 577 55 
 613 1046 
 607 735 
 80 116 
 100 1044 
 577 1832 
 185 1522 
 61 231 
 536 244 
 377 1534 
 179 739 
 493 231 
 691 922 
 64 185 
 580 1767 
 96 612 
 667 738 
 216 1573 
 99 238 
 252 1879 
 678 238 
 691 1126 
 533 219 
 356 39 
 350 1010 
 151 1509 
 708 1670 
 210 161 
 675 887 
 300 740 
 517 130 
 191 830 
 466 739 
 254 303 
 490 225 
 210 1305 
 229 733 
 16 531 
 281 718 
 396 830 
 138 761 
 104 122 
 152 225 
 117 703 
 693 1636 
 308 1524 
 533 738 
 689 138 
 281 231 
 74 1534 
 688 303 
 216 225 
 159 739 
 96 608 
 643 740 
 144 459 
 96 1270 
 458 225 
 405 1291 
 387 830 
 179 925 
 683 185 
 192 738 
 722 1497 
 99 39 
 723 1665 
 229 39 
 691 924 
 153 639 
 466 116 
 529 244 
 722 439 
 669 849 
 538 830 
 398 1534 
 315 1243 
 577 1793 
 149 304 
 463 1868 
 148 1777 
 196 244 
 61 302 
 241 739 
 580 1751 
 546 740 
 98 231 
 136 167 
 401 302 
 402 122 
 722 774 
 356 1044 
 713 115 
 200 1589 
 675 429 
 163 496 
 229 740 
 395 301 
 471 502 
 722 1365 
 722 1186 
 327 1523 
 252 1086 
 558 737 
 720 1782 
 96 1138 
 580 435 
 210 208 
 23 128 
 699 1522 
 281 301 
 290 1669 
 527 118 
 72 830 
 164 301 
 502 185 
 238 219 
 678 1522 
 693 28 
 580 105 
 153 804 
 101 443 
 327 441 
 276 735 
 693 448 
 580 899 
 260 225 
 677 735 
 271 302 
 722 630 
 451 1870 
 493 185 
 96 212 
 613 1044 
 182 122 
 64 182 
 76 301 
 566 734 
 722 1665 
 175 1473 
 696 1524 
 661 830 
 220 203 
 46 693 
 140 1629 
 682 1046 
 36 830 
 210 1793 
 350 1654 
 140 209 
 495 738 
 199 443 
 163 284 
 533 220 
 345 830 
 23 130 
 607 733 
 210 1723 
 558 740 
 546 1167 
 138 39 
 59 301 
 580 1420 
 658 839 
 663 298 
 678 116 
 657 122 
 64 1523 
 26 228 
 280 1046 
 179 830 
 199 1361 
 497 231 
 234 1669 
 214 115 
 692 739 
 440 1360 
 580 1270 
 140 1786 
 693 1665 
 300 238 
 502 740 
 248 1044 
 337 115 
 697 225 
 459 830 
 684 1524 
 158 739 
 164 231 
 543 734 
 210 212 
 455 1871 
 324 1670 
 318 1450 
 158 122 
 530 1043 
 497 115 
 121 242 
 677 1154 
 178 605 
 529 39 
 693 1066 
 687 1046 
 662 1570 
 675 1124 
 502 116 
 254 830 
 210 1570 
 580 1300 
 400 733 
 236 1343 
 96 854 
 169 220 
 195 1607 
 540 371 
 445 231 
 488 1044 
 179 114 
 537 1668 
 713 830 
 664 498 
 140 1598 
 675 1874 
 115 182 
 140 1866 
 239 1523 
 125 1354 
 370 244 
 229 1473 
 395 116 
 650 1895 
 405 1630 
 693 496 
 210 446 
 517 1522 
 261 238 
 364 744 
 329 693 
 367 588 
 273 740 
 728 612 
 78 1524 
 264 1639 
 232 238 
 693 418 
 580 922 
 181 735 
 722 816 
 580 418 
 143 500 
 140 799 
 693 1124 
 580 1742 
 662 816 
 580 1847 
 117 219 
 332 59 
 546 830 
 121 244 
 685 1669 
 210 211 
 281 738 
 475 323 
 182 496 
 693 351 
 473 718 
 252 867 
 639 733 
 96 867 
 76 738 
 412 735 
 496 380 
 691 1793 
 354 361 
 510 1868 
 533 225 
 99 733 
 684 219 
 400 301 
 321 925 
 263 59 
 427 242 
 279 751 
 533 830 
 527 225 
 693 1844 
 693 147 
 655 1176 
 129 238 
 580 1752 
 431 1360 
 104 301 
 64 303 
 493 1046 
 580 529 
 429 693 
 495 718 
 516 302 
 543 862 
 358 1524 
 186 1524 
 580 1304 
 163 1605 
 550 1524 
 223 1007 
 675 914 
 580 1296 
 555 1550 
 580 334 
 691 1491 
 131 209 
 482 1662 
 142 1807 
 364 301 
 693 1907 
 99 1417 
 566 740 
 182 305 
 96 345 
 443 1777 
 319 1064 
 667 1522 
 642 302 
 35 1123 
 147 128 
 229 830 
 423 1534 
 137 804 
 634 714 
 210 1706 
 59 733 
 691 1297 
 722 216 
 516 1524 
 684 301 
 475 39 
 472 740 
 580 1852 
 144 502 
 353 1705 
 529 1473 
 607 225 
 300 1654 
 132 115 
 63 739 
 104 733 
 179 540 
 337 116 
 332 1668 
 319 677 
 351 894 
 507 739 
 289 1654 
 185 740 
 252 1534 
 273 231 
 718 370 
 577 419 
 328 703 
 358 244 
 95 1668 
 591 1868 
 175 862 
 696 830 
 353 744 
 281 735 
 181 1522 
 291 867 
 354 301 
 580 1759 
 566 718 
 275 250 
 109 1573 
 182 740 
 546 354 
 185 744 
 580 1440 
 667 305 
 57 719 
 229 744 
 301 39 
 104 303 
 134 830 
 533 735 
 684 744 
 693 1091 
 65 1669 
 658 736 
 179 220 
 493 646 
 577 204 
 120 804 
 701 639 
 90 1450 
 252 854 
 152 1311 
 580 1491 
 145 231 
 579 231 
 385 218 
 158 303 
 103 830 
 429 549 
 78 740 
 117 733 
 115 185 
 385 741 
 488 225 
 516 734 
 387 1523 
 350 225 
 675 1060 
 364 116 
 101 1360 
 181 744 
 691 1881 
 140 801 
 662 351 
 64 1044 
 675 1767 
 472 739 
 134 1670 
 53 1522 
 658 862 
 558 735 
 356 1524 
 577 349 
 693 1284 
 140 1270 
 690 1223 
 543 219 
 507 242 
 236 785 
 400 304 
 220 1348 
 96 1282 
 133 301 
 214 740 
 145 302 
 393 572 
 490 238 
 675 1086 
 140 1126 
 580 269 
 411 734 
 497 1523 
 345 1046 
 579 736 
 159 718 
 17 1654 
 147 122 
 344 469 
 38 225 
 311 115 
 457 830 
 543 738 
 358 677 
 140 346 
 169 115 
 271 1523 
 684 302 
 649 235 
 59 303 
 531 1044 
 722 341 
 531 238 
 693 915 
 252 345 
 510 1527 
 458 894 
 159 1522 
 182 220 
 675 52 
 364 304 
 175 1154 
 140 738 
 684 735 
 675 496 
 580 612 
 152 693 
 580 1706 
 684 122 
 213 744 
 494 1779 
 113 737 
 495 830 
 418 581 
 200 740 
 414 739 
 115 581 
 306 220 
 353 718 
 693 1884 
 58 115 
 458 895 
 252 1243 
 675 336 
 718 1506 
 691 427 
 493 1043 
 529 744 
 556 637 
 578 354 
 311 830 
 149 733 
 186 1670 
 580 147 
 502 304 
 714 739 
 146 39 
 693 1126 
 131 1736 
 140 1852 
 693 1307 
 558 116 
 90 1212 
 400 122 
 546 1620 
 7 492 
 155 740 
 650 1803 
 393 143 
 638 1311 
 231 1361 
 566 231 
 691 431 
 400 115 
 675 1881 
 693 1830 
 148 1212 
 369 1109 
 693 346 
 657 1524 
 279 925 
 63 238 
 436 1668 
 341 122 
 395 740 
 117 718 
 311 238 
 76 740 
 87 231 
 495 115 
 660 823 
 529 830 
 662 1554 
 577 1590 
 650 4 
 580 1884 
 605 894 
 181 1524 
 570 122 
 668 733 
 580 1901 
 182 741 
 675 1891 
 639 303 
 580 1763 
 59 118 
 497 739 
 87 739 
 577 1844 
 152 549 
 254 305 
 693 1426 
 188 602 
 328 639 
 93 686 
 186 203 
 389 895 
 348 1669 
 140 424 
 693 349 
 675 356 
 569 59 
 577 1665 
 472 738 
 496 966 
 232 225 
 722 887 
 684 733 
 96 1665 
 488 733 
 162 804 
 350 244 
 350 231 
 152 118 
 609 785 
 577 355 
 507 740 
 271 718 
 420 718 
 30 242 
 370 250 
 683 182 
 395 122 
 580 1844 
 695 385 
 163 1914 
 210 529 
 722 1032 
 675 1257 
 210 641 
 403 1667 
 507 1524 
 577 340 
 693 1068 
 98 303 
 691 867 
 214 830 
 662 345 
 145 122 
 354 1046 
 566 736 
 580 341 
 445 739 
 413 1046 
 280 1583 
 724 397 
 502 1523 
 675 428 
 177 582 
 99 118 
 385 1243 
 117 739 
 693 1881 
 280 302 
 479 741 
 301 115 
 513 1667 
 353 302 
 607 737 
 366 677 
 693 912 
 580 427 
 691 816 
 96 1636 
 350 1292 
 482 532 
 99 1522 
 186 1523 
 67 242 
 158 1522 
 280 738 
 254 116 
 691 854 
 134 302 
 580 214 
 210 685 
 693 1897 
 99 220 
 96 1305 
 94 734 
 164 830 
 340 1669 
 504 895 
 60 677 
 381 501 
 138 235 
 58 739 
 261 116 
 352 500 
 132 122 
 730 718 
 398 693 
 667 231 
 201 301 
 728 447 
 395 744 
 7 750 
 722 1706 
 371 1668 
 380 1243 
 393 761 
 133 244 
 201 738 
 159 733 
 152 115 
 350 1044 
 301 1053 
 65 1668 
 33 185 
 210 323 
 366 1522 
 728 574 
 675 1295 
 96 876 
 455 1868 
 96 1060 
 694 742 
 454 804 
 485 1870 
 675 447 
 41 399 
 636 301 
 80 718 
 366 380 
 577 1086 
 691 1862 
 567 738 
 354 804 
 182 718 
 261 496 
 577 1091 
 179 116 
 140 817 
 37 689 
 662 1670 
 152 302 
 171 1522 
 312 693 
 238 231 
 577 1881 
 722 40 
 319 1361 
 691 1362 
 493 738 
 144 501 
 300 225 
 168 830 
 261 739 
 175 823 
 566 739 
 726 492 
 200 739 
 384 655 
 140 1901 
 252 1154 
 475 115 
 17 895 
 502 795 
 236 386 
 280 1523 
 210 816 
 152 231 
 662 342 
 80 1524 
 555 1549 
 675 1678 
 677 830 
 173 1361 
 493 744 
 511 738 
 401 305 
 136 926 
 37 804 
 210 447 
 232 1522 
 472 549 
 580 152 
 64 242 
 60 238 
 580 1572 
 459 740 
 158 302 
 229 1524 
 153 361 
 515 1777 
 311 231 
 693 1069 
 479 738 
 675 355 
 722 529 
 658 581 
 675 346 
 38 39 
 183 1534 
 501 1550 
 566 733 
 675 28 
 693 1032 
 140 574 
 185 703 
 696 225 
 213 707 
 533 301 
 126 122 
 685 1668 
 580 479 
 503 804 
 210 1572 
 210 817 
 725 1665 
 675 867 
 577 1706 
 65 1667 
 408 1360 
 387 39 
 76 39 
 728 355 
 577 1491 
 358 496 
 290 609 
 117 1522 
 98 735 
 35 1121 
 252 1365 
 731 740 
 677 116 
 675 1594 
 595 1243 
 78 1029 
 140 28 
 140 733 
 580 149 
 675 1531 
 684 305 
 691 1548 
 543 304 
 578 1570 
 675 340 
 592 1280 
 192 830 
 658 733 
 529 740 
 301 580 
 613 303 
 239 220 
 532 639 
 730 66 
 210 851 
 570 39 
 562 225 
 468 693 
 168 928 
 580 1786 
 580 70 
 276 738 
 285 804 
 580 492 
 178 1523 
 96 211 
 513 1668 
 387 741 
 722 1769 
 657 167 
 577 1270 
 511 122 
 42 1524 
 677 740 
 159 231 
 328 1524 
 463 1361 
 580 1769 
 728 1156 
 346 1360 
 275 231 
 224 320 
 693 1101 
 155 738 
 418 602 
 662 492 
 308 1523 
 257 747 
 244 741 
 637 1194 
 495 39 
 687 1044 
 270 722 
 185 1183 
 577 1594 
 693 1033 
 580 351 
 59 830 
 158 231 
 691 817 
 423 1522 
 693 1138 
 577 446 
 689 1520 
 179 1522 
 502 1043 
 693 1641 
 364 830 
 182 303 
 643 115 
 528 639 
 104 741 
 547 505 
 122 220 
 303 361 
 291 116 
 368 1630 
 26 1216 
 532 804 
 693 431 
 473 115 
 405 1360 
 358 39 
 210 1752 
 580 865 
 607 734 
 244 231 
 546 804 
 722 1531 
 675 487 
 42 1522 
 692 738 
 724 298 
 200 830 
 281 115 
 493 1154 
 48 1429 
 580 1835 
 663 397 
 329 1361 
 145 118 
 580 1567 
 163 361 
 728 1665 
 204 637 
 60 733 
 392 39 
 400 830 
 59 1524 
 658 1589 
 516 115 
 580 1278 
 64 580 
 459 1523 
 479 740 
 412 740 
 185 66 
 200 737 
 558 118 
 696 39 
 400 116 
 296 302 
 60 736 
 169 733 
 693 1086 
 159 735 
 379 1670 
 145 238 
 117 116 
 261 39 
 650 1125 
 354 488 
 346 1361 
 493 1522 
 677 823 
 497 116 
 164 739 
 581 130 
 159 302 
 250 830 
 385 739 
 289 1454 
 728 915 
 579 301 
 61 305 
 196 1473 
 529 738 
 726 1417 
 511 225 
 436 1669 
 318 739 
 113 231 
 684 116 
 99 302 
 268 1046 
 429 677 
 543 225 
 691 1572 
 122 238 
 210 449 
 580 903 
 722 1884 
 694 303 
 311 1524 
 562 740 
 678 737 
 580 867 
 210 428 
 414 242 
 443 59 
 533 302 
 423 703 
 249 250 
 22 733 
 271 1524 
 543 301 
 63 301 
 693 817 
 652 1669 
 96 108 
 549 1046 
 273 738 
 662 1126 
 241 242 
 261 830 
 433 1679 
 543 744 
 545 244 
 449 1807 
 192 39 
 693 492 
 281 303 
 122 1522 
 358 301 
 693 439 
 411 733 
 80 115 
 722 548 
 472 1311 
 488 862 
 471 501 
 429 303 
 455 1668 
 639 238 
 691 1306 
 140 1548 
 502 225 
 558 219 
 379 1669 
 275 677 
 64 740 
 507 301 
 495 225 
 543 305 
 281 219 
 542 1243 
 358 1522 
 300 304 
 121 225 
 196 118 
 139 219 
 121 677 
 161 285 
 401 303 
 158 738 
 64 244 
 281 1522 
 313 115 
 96 1156 
 311 305 
 297 1043 
 63 185 
 252 1638 
 493 225 
 72 804 
 529 1523 
 358 303 
 171 894 
 158 1524 
 693 1706 
 140 426 
 531 740 
 677 734 
 496 1635 
 276 737 
 580 1743 
 252 1904 
 344 806 
 167 1871 
 252 1300 
 220 76 
 527 740 
 126 115 
 327 1775 
 653 1360 
 691 877 
 695 1212 
 323 1738 
 691 1417 
 662 1033 
 288 39 
 580 359 
 145 735 
 533 305 
 99 305 
 577 923 
 201 830 
 145 733 
 39 581 
 671 118 
 327 894 
 140 961 
 149 302 
 693 1553 
 472 115 
 200 39 
 63 303 
 515 804 
 281 304 
 191 242 
 131 816 
 178 238 
 722 217 
 210 946 
 662 1305 
 182 238 
 684 740 
 94 735 
 333 231 
 684 220 
 187 238 
 151 294 
 675 149 
 214 301 
 662 346 
 244 303 
 270 361 
 562 739 
 121 250 
 657 238 
 214 1417 
 662 1141 
 609 751 
 496 301 
 96 1881 
 509 469 
 104 304 
 675 915 
 311 735 
 361 1043 
 658 242 
 96 356 
 577 1852 
 577 428 
 266 830 
 515 733 
 419 830 
 23 126 
 366 231 
 657 1523 
 61 735 
 546 1243 
 275 238 
 129 1523 
 168 932 
 59 242 
 567 718 
 117 220 
 96 1793 
 562 303 
 182 115 
 60 116 
 321 1243 
 580 55 
 730 830 
 677 225 
 104 744 
 35 830 
 580 446 
 387 220 
 652 804 
 113 744 
 722 801 
 657 231 
 60 718 
 20 1630 
 693 1296 
 96 1879 
 185 361 
 271 39 
 98 734 
 22 1524 
 311 1589 
 685 1667 
 319 185 
 229 244 
 210 1126 
 64 301 
 99 303 
 488 238 
 488 1043 
 193 1817 
 96 1091 
 497 303 
 345 1043 
 140 427 
 69 739 
 152 718 
 173 386 
 675 446 
 515 1524 
 115 830 
 139 238 
 360 114 
 550 244 
 210 548 
 675 1757 
 140 1553 
 288 219 
 414 250 
 675 851 
 675 344 
 558 739 
 675 1706 
 657 115 
 103 1043 
 333 225 
 511 718 
 693 55 
 131 693 
 546 719 
 41 1243 
 239 244 
 440 386 
 5 1051 
 261 115 
 730 39 
 693 70 
 273 822 
 96 801 
 138 804 
 244 238 
 401 122 
 675 343 
 577 1866 
 140 52 
 693 149 
 311 744 
 216 733 
 693 1585 
 691 492 
 558 718 
 696 718 
 475 1522 
 127 1473 
 41 1534 
 566 303 
 577 1567 
 722 21 
 580 308 
 301 118 
 580 1069 
 140 344 
 140 208 
 579 302 
 722 351 
 580 426 
 96 355 
 280 361 
 140 630 
 281 1167 
 364 738 
 335 302 
 26 232 
 580 1302 
 96 1723 
 19 1523 
 675 1572 
 273 1532 
 691 446 
 691 915 
 121 1523 
 567 302 
 220 1243 
 271 735 
 401 1522 
 464 1675 
 96 341 
 254 739 
 649 497 
 64 786 
 311 220 
 678 225 
 182 1043 
 276 740 
 132 116 
 577 1302 
 580 1661 
 58 718 
 466 830 
 459 1212 
 220 1292 
 675 574 
 447 1667 
 182 735 
 99 122 
 691 1759 
 396 1046 
 668 231 
 196 830 
 449 1852 
 454 1186 
 241 39 
 281 1523 
 579 739 
 580 1259 
 643 744 
 675 492 
 677 304 
 637 1102 
 361 1044 
 641 302 
 350 123 
 319 225 
 29 1046 
 260 1522 
 185 231 
 289 1448 
 695 384 
 401 238 
 580 548 
 402 739 
 96 102 
 342 118 
 227 118 
 580 215 
 580 685 
 464 830 
 693 62 
 421 669 
 690 298 
 678 1523 
 76 744 
 254 301 
 291 244 
 693 1156 
 37 1243 
 395 718 
 580 1535 
 420 830 
 216 238 
 261 225 
 26 1330 
 494 830 
 577 343 
 546 1590 
 657 118 
 688 734 
 179 744 
 210 915 
 333 238 
 372 1361 
 691 1665 
 580 854 
 400 744 
 533 739 
 141 1883 
 390 1578 
 531 1524 
 693 1306 
 316 894 
 210 1279 
 193 498 
 710 1684 
 280 118 
 429 719 
 59 735 
 516 1523 
 662 1086 
 99 744 
 206 242 
 530 1046 
 207 1448 
 726 447 
 693 1536 
 182 302 
 529 250 
 546 602 
 358 1667 
 210 346 
 691 1107 
 63 1522 
 113 733 
 528 489 
 577 1391 
 379 1667 
 657 839 
 42 739 
 300 220 
 580 1442 
 140 492 
 578 1793 
 98 301 
 658 304 
 164 738 
 440 1361 
 140 446 
 614 242 
 447 1670 
 404 244 
 53 1524 
 502 231 
 551 719 
 693 1759 
 140 740 
 488 118 
 722 166 
 400 303 
 200 735 
 693 548 
 227 302 
 488 220 
 693 480 
 200 301 
 127 1010 
 69 225 
 731 115 
 722 1568 
 377 540 
 580 102 
 35 1779 
 145 303 
 447 1668 
 401 744 
 311 303 
 580 28 
 580 817 
 281 1524 
 728 1752 
 353 738 
 200 304 
 261 581 
 210 1417 
 151 498 
 104 498 
 348 1667 
 715 250 
 364 740 
 401 116 
 404 830 
 558 238 
 484 1530 
 577 1126 
 662 1678 
 319 496 
 691 1531 
 723 811 
 577 1661 
 134 1668 
 482 1807 
 182 733 
 26 804 
 490 122 
 580 1566 
 169 302 
 131 211 
 613 1522 
 613 1524 
 96 1751 
 546 1010 
 53 740 
 580 1898 
 261 1046 
 675 212 
 200 303 
 261 302 
 199 1360 
 104 740 
 63 366 
 591 1280 
 311 718 
 619 804 
 249 242 
 141 414 
 531 1522 
 577 913 
 691 69 
 520 225 
 168 220 
 19 830 
 578 1163 
 291 303 
 691 204 
 546 218 
 26 329 
 121 693 
 551 1280 
 73 185 
 210 1308 
 152 122 
 210 1548 
 252 218 
 275 255 
 564 496 
 723 1554 
 580 480 
 580 1306 
 254 39 
 167 1868 
 675 427 
 693 801 
 210 1767 
 122 225 
 252 69 
 449 1914 
 289 1154 
 466 115 
 113 303 
 693 1186 
 149 238 
 55 580 
 495 1522 
 520 231 
 580 211 
 691 452 
 722 1752 
 507 231 
 200 305 
 577 1636 
 169 118 
 524 895 
 425 956 
 140 1292 
 693 1700 
 693 1362 
 178 76 
 353 220 
 58 231 
 247 830 
 69 238 
 579 304 
 158 740 
 566 1154 
 60 380 
 567 114 
 662 204 
 666 1524 
 232 231 
 423 1573 
 472 238 
 516 116 
 364 489 
 580 1101 
 580 1711 
 98 740 
 311 301 
 122 738 
 429 733 
 117 115 
 488 302 
 301 1522 
 244 739 
 214 118 
 691 1172 
 580 1531 
 729 320 
 675 1590 
 678 303 
 482 167 
 570 739 
 140 651 
 96 1763 
 178 115 
 631 1473 
 140 1417 
 143 501 
 493 795 
 364 118 
 141 929 
 675 1440 
 58 1523 
 468 242 
 507 244 
 146 733 
 210 913 
 96 28 
 58 740 
 101 804 
 178 303 
 693 102 
 677 231 
 580 574 
 591 1173 
 23 125 
 140 1141 
 507 1534 
 511 1524 
 238 238 
 558 1522 
 691 21 
 182 1524 
 613 238 
 469 956 
 531 739 
 233 1524 
 104 830 
 281 122 
 731 122 
 663 1223 
 214 1524 
 179 39 
 281 740 
 495 740 
 533 733 
 580 496 
 693 1566 
 280 250 
 291 739 
 301 1583 
 686 318 
 169 116 
 389 1669 
 493 1524 
 461 634 
 710 1635 
 337 740 
 15 1410 
 117 1524 
 120 1524 
 99 738 
 579 225 
 387 1522 
 168 231 
 340 719 
 364 231 
 350 304 
 678 1524 
 261 301 
 30 250 
 693 89 
 113 302 
 547 501 
 342 116 
 252 323 
 579 220 
 26 1331 
 566 305 
