 261 1043 
 693 1060 
 395 118 
 96 1293 
 592 1868 
 59 744 
 438 609 
 239 1524 
 686 318 
 216 1405 
 366 488 
 677 303 
 192 733 
 318 1448 
 59 301 
 245 443 
 187 238 
 117 1405 
 545 242 
 261 116 
 175 1534 
 358 301 
 140 1823 
 607 238 
 347 739 
 692 955 
 96 1699 
 280 301 
 104 718 
 675 950 
 417 238 
 402 739 
 558 302 
 580 1852 
 675 447 
 182 39 
 660 823 
 167 1871 
 516 1522 
 728 1156 
 507 225 
 693 349 
 662 1124 
 319 1029 
 422 1779 
 252 1581 
 259 1446 
 340 1667 
 580 449 
 140 804 
 98 225 
 171 894 
 558 1524 
 200 305 
 281 744 
 179 1524 
 241 250 
 148 1212 
 154 1523 
 58 830 
 661 733 
 96 1665 
 675 1364 
 259 1447 
 117 114 
 140 651 
 580 1531 
 140 344 
 319 1292 
 693 1907 
 216 122 
 96 447 
 580 1742 
 140 1598 
 675 344 
 580 1365 
 154 231 
 104 301 
 395 739 
 693 326 
 117 302 
 558 740 
 675 1254 
 693 529 
 96 801 
 319 920 
 693 1150 
 590 1668 
 677 220 
 252 1668 
 463 1868 
 693 915 
 76 740 
 61 733 
 159 231 
 654 363 
 580 1259 
 152 238 
 24 118 
 502 1524 
 507 301 
 59 242 
 90 1212 
 643 744 
 252 1699 
 265 492 
 579 220 
 284 449 
 329 1360 
 216 1522 
 99 220 
 159 733 
 580 426 
 285 804 
 678 733 
 332 1667 
 374 1238 
 290 1670 
 96 492 
 693 208 
 277 301 
 580 147 
 684 718 
 63 1879 
 354 301 
 33 925 
 693 439 
 275 301 
 693 1284 
 650 4 
 686 320 
 414 739 
 684 302 
 571 1673 
 241 1522 
 615 1348 
 720 316 
 38 238 
 113 740 
 416 1361 
 390 1532 
 550 244 
 352 504 
 140 346 
 200 740 
 93 686 
 578 830 
 693 1091 
 200 744 
 578 1172 
 691 685 
 281 1673 
 232 219 
 580 89 
 63 115 
 482 1807 
 99 739 
 370 1010 
 226 466 
 511 122 
 490 703 
 350 303 
 728 1300 
 675 336 
 524 895 
 556 637 
 580 1126 
 726 1665 
 677 1524 
 405 693 
 675 1606 
 728 487 
 179 118 
 229 1473 
 140 574 
 675 1590 
 199 1360 
 715 250 
 319 1361 
 477 59 
 319 238 
 253 830 
 488 718 
 728 1548 
 411 735 
 675 1141 
 96 1417 
 59 740 
 261 238 
 200 301 
 580 555 
 728 1299 
 281 1044 
 691 851 
 234 1669 
 515 738 
 244 738 
 168 1243 
 140 69 
 64 744 
 543 738 
 547 503 
 319 1429 
 693 1590 
 662 1417 
 358 1669 
 159 738 
 140 740 
 64 1522 
 214 733 
 694 718 
 558 737 
 104 830 
 339 925 
 607 219 
 580 913 
 140 350 
 181 115 
 693 1034 
 384 572 
 247 1311 
 728 212 
 702 220 
 178 496 
 558 1522 
 405 280 
 182 304 
 140 52 
 562 303 
 198 744 
 67 1029 
 691 442 
 366 677 
 328 1524 
 696 740 
 580 901 
 607 740 
 252 1300 
 728 308 
 468 250 
 558 301 
 335 302 
 580 1497 
 515 1522 
 96 1091 
 690 298 
 133 219 
 691 1553 
 226 751 
 271 733 
 244 303 
 708 1667 
 580 1443 
 504 895 
 580 358 
 138 850 
 72 1620 
 730 39 
 362 898 
 668 231 
 580 135 
 133 220 
 80 830 
 358 1522 
 98 733 
 650 1701 
 168 738 
 607 303 
 720 317 
 693 924 
 74 830 
 353 225 
 182 1044 
 517 130 
 139 225 
 666 1523 
 730 718 
 580 55 
 675 431 
 543 862 
 662 608 
 138 761 
 153 639 
 64 242 
 182 736 
 104 549 
 353 744 
 140 733 
 418 306 
 178 203 
 133 244 
 207 1450 
 154 225 
 693 813 
 658 303 
 43 734 
 457 830 
 153 1153 
 731 303 
 136 167 
 667 303 
 117 703 
 528 804 
 23 125 
 678 744 
 90 1399 
 64 862 
 59 238 
 244 39 
 691 419 
 728 354 
 488 116 
 570 738 
 143 500 
 607 738 
 675 529 
 140 340 
 516 122 
 70 1673 
 466 122 
 564 488 
 537 1669 
 682 1522 
 516 220 
 580 1794 
 396 830 
 609 751 
 580 1302 
 76 39 
 702 184 
 292 225 
 711 730 
 59 1524 
 419 739 
 275 898 
 691 21 
 182 1043 
 579 225 
 122 740 
 80 1524 
 691 1391 
 64 1046 
 693 630 
 678 225 
 117 718 
 558 736 
 684 738 
 296 302 
 667 238 
 318 1427 
 607 737 
 693 1305 
 268 66 
 485 286 
 181 116 
 316 895 
 580 1069 
 328 1573 
 145 743 
 145 738 
 117 39 
 567 738 
 579 718 
 581 130 
 216 118 
 493 1046 
 133 301 
 641 302 
 507 238 
 96 431 
 691 1172 
 691 1362 
 334 1399 
 675 574 
 477 702 
 693 1881 
 674 305 
 178 244 
 214 740 
 493 301 
 216 116 
 675 1302 
 615 76 
 675 1531 
 580 1308 
 677 830 
 720 1782 
 276 734 
 691 1126 
 400 303 
 280 302 
 693 1548 
 319 1064 
 96 102 
 579 301 
 648 1115 
 662 1665 
 63 739 
 693 950 
 578 356 
 308 1522 
 192 738 
 266 830 
 252 820 
 145 122 
 353 738 
 96 876 
 671 242 
 607 225 
 580 1004 
 393 144 
 496 581 
 152 302 
 637 1102 
 678 739 
 234 1670 
 494 1112 
 662 888 
 664 1817 
 149 304 
 543 219 
 392 39 
 580 1678 
 350 301 
 117 744 
 147 118 
 545 250 
 17 895 
 249 244 
 126 122 
 516 301 
 450 792 
 671 118 
 367 639 
 691 449 
 464 1674 
 182 114 
 342 115 
 505 929 
 558 739 
 463 1361 
 558 303 
 145 220 
 662 447 
 631 116 
 252 204 
 693 1186 
 475 1861 
 493 303 
 613 1524 
 482 1662 
 301 116 
 540 1415 
 358 867 
 693 105 
 140 1086 
 61 301 
 543 231 
 490 862 
 132 115 
 693 912 
 181 718 
 335 549 
 178 1043 
 244 302 
 708 1668 
 182 703 
 580 1282 
 140 424 
 500 370 
 726 29 
 658 238 
 64 1914 
 728 1793 
 140 851 
 693 1793 
 731 116 
 580 1555 
 693 1491 
 229 744 
 261 496 
 359 804 
 17 1654 
 191 244 
 527 118 
 181 736 
 377 1532 
 668 733 
 145 733 
 145 744 
 495 115 
 36 830 
 580 343 
 693 1004 
 165 1046 
 675 1881 
 472 115 
 193 1509 
 702 231 
 319 203 
 551 268 
 550 1524 
 693 887 
 675 356 
 281 122 
 58 744 
 140 1585 
 458 894 
 675 52 
 662 349 
 164 301 
 547 501 
 39 581 
 216 301 
 511 830 
 545 244 
 396 1046 
 105 244 
 495 1523 
 377 218 
 358 1668 
 459 386 
 61 220 
 42 830 
 140 555 
 678 304 
 580 1364 
 693 28 
 227 238 
 580 24 
 364 744 
 411 734 
 433 1679 
 691 1365 
 580 924 
 155 738 
 495 740 
 580 574 
 580 71 
 513 1668 
 19 1524 
 449 1852 
 76 1523 
 35 185 
 140 1033 
 278 1584 
 61 302 
 226 285 
 99 1417 
 168 225 
 684 242 
 400 744 
 693 548 
 693 1665 
 122 231 
 675 489 
 693 1101 
 675 685 
 402 736 
 580 641 
 570 238 
 579 231 
 369 1121 
 277 118 
 250 709 
 613 225 
 139 219 
 229 719 
 527 738 
 85 1043 
 400 740 
 678 301 
 690 1223 
 143 502 
 23 130 
 662 1396 
 691 1598 
 516 1523 
 495 225 
 532 639 
 718 370 
 61 740 
 117 301 
 387 1524 
 675 801 
 236 785 
 96 1300 
 691 226 
 395 738 
 691 1430 
 580 817 
 194 1280 
 261 231 
 214 739 
 414 738 
 96 1859 
 301 122 
 76 225 
 678 118 
 122 738 
 675 608 
 580 348 
 473 122 
 688 304 
 283 1532 
 580 905 
 271 304 
 579 1405 
 692 956 
 61 735 
 227 738 
 236 693 
 662 1669 
 20 160 
 550 39 
 64 301 
 663 298 
 367 588 
 358 244 
 367 1582 
 675 354 
 324 1670 
 140 18 
 684 1589 
 98 740 
 134 830 
 693 903 
 66 1511 
 643 718 
 364 116 
 502 1046 
 140 1298 
 223 1007 
 580 21 
 696 225 
 381 1350 
 186 1524 
 13 488 
 413 1044 
 459 740 
 662 555 
 578 1162 
 475 39 
 504 1209 
 493 646 
 379 1669 
 724 115 
 227 718 
 540 278 
 502 830 
 98 238 
 169 1534 
 393 1353 
 85 1046 
 502 932 
 120 639 
 100 1044 
 216 1573 
 411 733 
 76 1522 
 662 1491 
 145 830 
 140 1881 
 280 116 
 472 1522 
 140 208 
 472 118 
 675 341 
 169 740 
 26 1339 
 182 1154 
 323 1738 
 488 1154 
 685 1668 
 675 612 
 104 225 
 414 244 
 181 733 
 631 830 
 140 608 
 675 102 
 371 1668 
 187 225 
 174 1155 
 90 1450 
 658 244 
 288 718 
 723 851 
 693 1362 
 80 733 
 100 1043 
 155 122 
 200 718 
 677 718 
 663 1223 
 193 1817 
 99 231 
 288 238 
 675 1593 
 580 431 
 127 1010 
 96 270 
 229 734 
 227 1524 
 515 220 
 657 1814 
 582 1870 
 207 1399 
 570 39 
 667 718 
 239 830 
 643 740 
 182 735 
 678 740 
 17 1599 
 494 1109 
 693 946 
 182 238 
 64 580 
 214 122 
 455 1868 
 208 1669 
 26 1340 
 580 217 
 580 395 
 679 830 
 168 830 
 580 359 
 252 854 
 652 1210 
 567 305 
 59 220 
 468 693 
 671 303 
 675 492 
 488 744 
 693 1417 
 655 266 
 244 740 
 714 738 
 98 735 
 253 1154 
 580 1150 
 261 39 
 232 238 
 280 1522 
 332 59 
 416 1360 
 350 1046 
 562 302 
 398 1534 
 261 1154 
 456 116 
 96 608 
 281 1291 
 214 118 
 84 804 
 580 28 
 145 225 
 728 1767 
 353 718 
 196 115 
 691 1901 
 713 118 
 684 744 
 26 228 
 693 1768 
 261 323 
 149 735 
 580 1032 
 217 925 
 402 219 
 353 116 
 159 739 
 140 564 
 138 804 
 580 1606 
 488 302 
 229 244 
 578 323 
 693 55 
 691 854 
 229 39 
 570 225 
 216 744 
 580 1884 
 182 303 
 515 225 
 580 922 
 710 156 
 726 447 
 140 854 
 490 115 
 179 122 
 64 116 
 186 1360 
 579 830 
 342 122 
 692 740 
 72 830 
 370 250 
 453 306 
 580 576 
 178 76 
 264 285 
 216 302 
 364 225 
 569 602 
 335 184 
 76 238 
 662 1554 
 693 1592 
 657 1043 
 691 482 
 691 428 
 318 1429 
 691 108 
 353 740 
 59 304 
 543 733 
 354 639 
 495 738 
 353 580 
 580 419 
 126 116 
 675 1443 
 271 231 
 53 1522 
 341 122 
 358 39 
 507 302 
 662 350 
 138 1429 
 504 1668 
 579 736 
 658 231 
 693 1303 
 96 355 
 495 122 
 513 1670 
 327 1523 
 653 1630 
 222 1360 
 693 1657 
 169 118 
 675 1874 
 64 1252 
 431 1360 
 502 1029 
 152 830 
 252 431 
 214 830 
 69 739 
 250 830 
 261 830 
 20 484 
 96 293 
 288 739 
 193 498 
 691 887 
 42 738 
 412 735 
 196 244 
 404 242 
 502 116 
 580 1661 
 200 733 
 672 1807 
 38 39 
 580 854 
 693 1442 
 613 804 
 58 116 
 511 733 
 182 734 
 252 1638 
 693 1641 
 474 1446 
 173 1360 
 484 572 
 182 1705 
 140 427 
 140 799 
 340 1670 
 675 355 
 364 703 
 122 238 
 245 581 
 181 739 
 580 765 
 104 733 
 95 1668 
 98 739 
 99 114 
 667 744 
 227 303 
 329 1361 
 99 1522 
 16 925 
 80 744 
 543 693 
 252 867 
 200 830 
 580 548 
 643 225 
 731 738 
 457 1473 
 288 738 
 125 1354 
 63 76 
 504 1665 
 488 220 
 97 1046 
 271 220 
 684 1523 
 493 250 
 183 1534 
 99 225 
 96 350 
 691 801 
 96 913 
 638 1311 
 327 441 
 20 380 
 662 203 
 418 581 
 63 238 
 646 894 
 675 347 
 592 1871 
 502 301 
 608 1212 
 140 102 
 280 242 
 400 225 
 488 738 
 145 741 
 670 1267 
 675 1295 
 169 1243 
 693 343 
 247 830 
 693 574 
 580 1270 
 516 733 
 693 347 
 152 718 
 261 1560 
 728 1859 
 691 102 
 41 1243 
 691 1004 
 96 1305 
 580 1300 
 495 116 
 469 739 
 140 744 
 261 302 
 579 242 
 580 492 
 580 350 
 63 302 
 182 302 
 580 914 
 516 740 
 488 693 
 216 238 
 502 1043 
 83 1529 
 527 116 
 516 225 
 37 1243 
 580 1296 
 713 116 
 609 804 
 152 231 
 104 738 
 693 346 
 488 1044 
 658 225 
 728 915 
 165 1044 
 43 737 
 179 220 
 282 370 
 186 203 
 99 718 
 182 301 
 684 736 
 63 1043 
 631 1473 
 319 496 
 354 1807 
 675 69 
 35 1779 
 580 1723 
 301 830 
 613 1046 
 693 1678 
 181 1524 
 320 1524 
 145 238 
 350 1186 
 241 231 
 536 242 
 252 738 
 252 1670 
 175 839 
 578 355 
 580 1721 
 140 888 
 281 1405 
 691 434 
 152 115 
 125 1353 
 113 744 
 214 580 
 98 738 
 495 1524 
 138 39 
 580 1284 
 261 304 
 454 693 
 356 1524 
 558 244 
 113 302 
 650 1740 
 385 1534 
 140 1678 
 403 1668 
 301 1522 
 252 1678 
 252 69 
 103 830 
 187 219 
 691 1568 
 48 1807 
 367 926 
 543 220 
 337 122 
 580 1858 
 275 231 
 485 1522 
 37 285 
 95 1667 
 495 231 
 99 302 
 493 1523 
 579 739 
 693 1257 
 657 1524 
 580 1847 
 688 302 
 580 446 
 701 804 
 517 1523 
 728 1491 
 728 447 
 68 289 
 140 341 
 580 1769 
 691 70 
 502 250 
 580 899 
 220 203 
 449 1914 
 711 713 
 691 1491 
 580 40 
 353 733 
 277 115 
 356 303 
 39 1399 
 244 830 
 422 1386 
 68 380 
 691 923 
 19 39 
 164 739 
 454 1879 
 458 895 
 435 734 
 657 839 
 164 304 
 159 225 
 364 302 
 164 830 
 200 737 
 140 1292 
 178 605 
 693 913 
 261 122 
 99 116 
 507 1524 
 179 740 
 350 380 
 206 242 
 200 743 
 200 244 
 693 418 
 76 303 
 204 39 
 558 1589 
 99 1405 
 347 1360 
 140 1443 
 64 182 
 613 118 
 318 1400 
 675 203 
 507 231 
 580 1745 
 76 718 
 73 182 
 280 738 
 696 718 
 179 39 
 329 1343 
 501 1550 
 685 1669 
 178 238 
 667 735 
 200 738 
 643 1807 
 152 39 
 543 303 
 99 740 
 402 744 
 493 266 
 113 739 
 617 677 
 358 231 
 536 244 
 72 1532 
 356 739 
 564 323 
 175 823 
 387 1523 
 96 212 
 319 323 
 316 733 
 252 888 
 580 612 
 169 303 
 420 114 
 468 244 
 169 738 
 402 231 
 693 492 
 337 303 
 622 501 
 356 718 
 667 39 
 261 118 
 64 740 
 145 305 
 564 867 
 693 226 
 607 220 
 136 1677 
 23 126 
 200 304 
 108 1677 
 402 238 
 21 1010 
 246 622 
 570 1522 
 48 1523 
 227 1522 
 70 1674 
 693 336 
 280 1583 
 290 609 
 211 1361 
 657 739 
 657 231 
 558 115 
 280 1154 
 472 231 
 122 1522 
 679 35 
 42 39 
 580 685 
 37 1360 
 675 914 
 691 1634 
 693 1270 
 152 549 
 349 1075 
 693 354 
 658 735 
 387 220 
 631 118 
 693 89 
 488 1043 
 145 734 
 333 184 
 68 1840 
 58 115 
 570 1523 
 140 1572 
 493 795 
 253 301 
 299 1360 
 724 298 
 200 238 
 684 225 
 580 1156 
 278 1583 
 214 302 
 353 238 
 472 301 
 607 735 
 688 744 
 64 639 
 580 813 
 650 1803 
 280 115 
 99 1469 
 354 1153 
 360 1397 
 306 220 
 99 738 
 678 220 
 281 115 
 252 1396 
 693 801 
 691 1638 
 373 244 
 675 482 
 241 1523 
 485 1523 
 691 426 
 152 739 
 96 685 
 613 738 
 279 925 
 684 734 
 693 1566 
 280 39 
 345 1044 
 78 738 
 580 1855 
 400 304 
 281 219 
 579 740 
 64 1583 
 699 1522 
 605 895 
 200 736 
 578 1852 
 284 326 
 156 502 
 727 1519 
 58 238 
 570 231 
 693 888 
 454 751 
 396 1043 
 496 1654 
 59 303 
 482 1693 
 468 255 
 182 1046 
 400 116 
 316 441 
 58 1522 
 728 801 
 511 740 
 265 851 
 319 361 
 234 1522 
 402 122 
 675 99 
 248 1044 
 122 220 
 364 718 
 677 118 
 609 785 
 446 115 
 580 1741 
 662 1606 
 261 301 
 77 589 
 580 149 
 138 639 
 182 739 
 280 867 
 227 830 
 580 308 
 268 1046 
 327 895 
 182 741 
 165 830 
 227 1523 
 140 1291 
 364 238 
 537 1670 
 473 115 
 301 1583 
 52 1368 
 208 1668 
 140 426 
 488 740 
 179 744 
 650 1125 
 104 231 
 667 305 
 140 348 
 612 718 
 275 719 
 348 1667 
 468 242 
 422 1109 
 204 637 
 281 303 
 312 1010 
 445 738 
 41 1534 
 96 28 
 691 901 
 631 115 
 69 303 
 543 302 
 658 1045 
 104 744 
 678 735 
 484 1354 
 667 116 
 145 116 
 356 244 
 675 1594 
 76 301 
 350 730 
 455 1871 
 658 304 
 63 703 
 693 1884 
 691 1852 
 175 1605 
 152 1524 
 693 1033 
 675 226 
 693 564 
 214 116 
 484 1351 
 691 1570 
 364 303 
 473 718 
 352 500 
 662 1305 
 140 1124 
 691 1793 
 337 116 
 149 238 
 412 734 
 693 1593 
 698 184 
 484 1530 
 490 225 
 516 734 
 488 1046 
 63 361 
 580 105 
 233 718 
 366 231 
 64 1524 
 691 1790 
 58 225 
 510 1868 
 693 204 
 474 1447 
 149 302 
 643 122 
 104 118 
 395 301 
 662 1034 
 145 740 
 580 334 
 516 718 
 675 1086 
 248 1043 
 447 1667 
 693 1844 
 507 242 
 103 1043 
 161 285 
 689 1519 
 177 581 
 261 1522 
 200 735 
 64 118 
 96 1821 
 281 302 
 117 743 
 35 602 
 701 639 
 96 1138 
 127 1469 
 137 804 
 63 1046 
 96 1767 
 159 303 
 96 564 
 140 1793 
 181 1029 
 482 167 
 59 244 
 164 225 
 366 1523 
 80 740 
 578 354 
 63 1522 
 117 830 
 580 1189 
 168 220 
 350 804 
 98 1243 
 236 1776 
 426 1397 
 591 1871 
 662 1670 
 569 59 
 673 1115 
 731 740 
 614 242 
 140 1034 
 261 303 
 458 231 
 350 306 
 96 341 
 239 220 
 343 793 
 495 830 
 613 238 
 122 303 
 493 242 
 675 1035 
 76 231 
 288 231 
 580 1566 
 581 128 
 350 123 
 299 1868 
 472 225 
 140 1554 
 579 1589 
 271 303 
 717 238 
 140 99 
 244 742 
 691 1866 
 149 303 
 691 888 
 59 718 
 288 220 
 580 1572 
 693 1306 
 96 70 
 319 677 
 427 250 
 271 301 
 527 739 
 221 925 
 61 238 
 469 956 
 236 786 
 398 1532 
 662 1548 
 670 1268 
 268 1043 
 335 305 
 140 203 
 675 1884 
 420 830 
 684 115 
 468 898 
 691 447 
 117 219 
 65 1668 
 710 1635 
 458 225 
 134 1668 
 263 751 
 181 735 
 229 739 
 116 1018 
 579 303 
 17 894 
 400 301 
 579 116 
 98 302 
 493 1522 
 104 302 
 261 225 
 72 804 
 280 1360 
 379 1668 
 59 739 
 64 1673 
 571 677 
 511 301 
 171 1522 
 684 735 
 520 225 
 472 238 
 579 734 
 299 1361 
 472 738 
 350 1736 
 58 122 
 159 302 
 475 830 
 657 740 
 693 1365 
 280 1524 
 693 1706 
 657 302 
 26 75 
 96 105 
 330 1361 
 691 1572 
 515 718 
 96 1901 
 583 1361 
 578 1305 
 488 830 
 662 1086 
 726 492 
 140 743 
 578 1126 
 666 1522 
 495 1522 
 549 1046 
 688 735 
 527 740 
 688 739 
 356 1593 
 517 1524 
 558 242 
 64 225 
 37 804 
 17 703 
 615 605 
 335 225 
 220 160 
 85 1044 
 140 1126 
 728 356 
 537 1668 
 96 340 
 244 301 
 714 244 
 562 742 
 138 1533 
 662 1570 
 232 733 
 528 751 
 361 1043 
 387 741 
 71 1670 
 356 1044 
 63 363 
 281 39 
 677 1154 
 591 1173 
 271 302 
 249 242 
 494 830 
 420 718 
 486 702 
 580 1441 
 342 118 
 138 144 
 140 1365 
 662 103 
 607 739 
 138 1153 
 472 303 
 98 303 
 252 1554 
 580 1426 
 562 741 
 117 118 
 677 738 
 678 1405 
 562 740 
 126 118 
 702 219 
 43 735 
 229 735 
 344 1360 
 35 1113 
 334 1400 
 64 738 
 329 280 
 232 225 
 387 734 
 570 301 
 691 1554 
 222 1361 
 729 320 
 241 242 
 78 1523 
 516 118 
 175 830 
 80 1523 
 418 602 
 484 1353 
 261 740 
 454 1619 
 693 1567 
 330 1868 
 67 242 
 223 78 
 673 1114 
 117 734 
 543 244 
 63 738 
 226 460 
 61 303 
 693 1278 
 693 419 
 117 238 
 360 925 
 192 740 
 148 1210 
 490 122 
 459 1212 
 96 888 
 570 303 
 61 231 
 61 225 
 570 744 
 675 1678 
 580 1821 
 271 830 
 252 1879 
 182 830 
 90 1448 
 693 1189 
 507 244 
 464 830 
 488 303 
 252 218 
 136 1807 
 501 581 
 134 302 
 693 914 
 578 1307 
 387 1522 
 496 738 
 668 238 
 662 1638 
 323 1778 
 393 850 
 350 744 
 684 301 
 580 1810 
 96 1706 
 316 740 
 693 1391 
 42 740 
 280 354 
 580 1299 
 558 220 
 282 249 
 316 1522 
 468 677 
 42 1522 
 360 830 
 693 1676 
 613 1522 
 280 1153 
 216 738 
 113 231 
 196 118 
 280 303 
 159 735 
 78 115 
 59 225 
 261 739 
 96 1881 
 496 839 
 213 744 
 475 1522 
 592 1280 
 323 804 
 276 741 
 366 238 
 556 1673 
 511 738 
 312 693 
 364 220 
 316 894 
 136 926 
 140 1606 
 159 238 
 469 955 
 132 118 
 657 1672 
 140 1866 
 693 356 
 640 1405 
 244 238 
 691 492 
 727 1520 
 358 496 
 580 529 
 693 212 
 179 115 
 147 128 
 408 1361 
 54 1112 
 502 231 
 140 447 
 147 116 
 658 738 
 691 876 
 395 231 
 16 531 
 96 487 
 617 693 
 186 1522 
 350 677 
 580 630 
 511 118 
 488 581 
 675 204 
 20 483 
 496 693 
 675 851 
 437 244 
 279 751 
 389 895 
 280 740 
 454 218 
 657 303 
 59 736 
 64 1523 
 96 356 
 343 182 
 187 231 
 354 804 
 662 1667 
 168 231 
 578 1665 
 650 1902 
 196 1473 
 140 1463 
 580 70 
 216 1523 
 543 734 
 201 302 
 356 1046 
 693 1908 
 220 1292 
 169 302 
 59 734 
 369 81 
 182 122 
 364 489 
 419 830 
 164 302 
 580 1440 
 80 115 
 511 744 
 693 1443 
 653 609 
 178 225 
 167 295 
 511 231 
 17 1909 
 227 39 
 693 351 
 591 1280 
 143 503 
 668 225 
 65 1670 
 96 867 
 580 487 
 182 116 
 662 1141 
 675 1091 
 104 122 
 371 1667 
 490 683 
 650 686 
 728 867 
 547 505 
 657 122 
 96 1763 
 110 219 
 414 735 
 214 1417 
 134 1670 
 723 1396 
 693 1725 
 113 380 
 76 744 
 571 830 
 168 932 
 675 1303 
 76 122 
 662 496 
 414 567 
 485 1870 
 405 386 
 502 39 
 675 427 
 179 225 
 667 740 
 236 1868 
 726 1417 
 580 198 
 580 1491 
 178 115 
 510 1527 
 580 915 
 178 250 
 122 741 
 691 69 
 216 225 
 64 302 
 673 1113 
 159 1405 
 412 740 
 396 1045 
 490 1311 
 547 504 
 657 693 
 569 1630 
 657 1044 
 580 1548 
 731 733 
 360 114 
 280 830 
 140 204 
 318 1399 
 216 231 
 381 500 
 53 1523 
 472 718 
 117 1522 
 252 1667 
 76 1532 
 676 184 
 296 238 
 580 448 
 98 898 
 104 739 
 7 492 
 35 1075 
 693 1279 
 227 115 
 502 303 
 696 1523 
 493 309 
 145 718 
 271 1522 
 138 235 
 96 203 
 693 1035 
 261 1523 
 580 1851 
 96 1723 
 250 693 
 252 1035 
 152 738 
 216 1576 
 691 452 
 96 1295 
 580 1898 
 252 447 
 675 149 
 667 225 
 175 1397 
 19 830 
 414 250 
 176 1360 
 351 804 
 138 1532 
 117 736 
 140 326 
 580 1718 
 613 1523 
 693 1742 
 502 182 
 96 1751 
 580 1767 
 718 1506 
 613 639 
 280 1044 
 276 740 
 558 738 
 169 1311 
 490 1522 
 63 1524 
 728 1665 
 252 1126 
 493 118 
 693 555 
 64 830 
 580 1897 
 216 1524 
 94 735 
 543 735 
 472 1524 
 239 219 
 399 1353 
 78 225 
 275 677 
 371 1670 
 345 1046 
 46 693 
 169 115 
 307 1102 
 676 718 
 191 242 
 59 738 
 466 739 
 515 804 
 182 220 
 609 338 
 677 1589 
 502 744 
 558 225 
 252 1299 
 77 498 
 316 184 
 596 306 
 145 219 
 220 1807 
 675 103 
 398 1533 
 64 846 
 115 581 
 290 1667 
 728 355 
 457 122 
 96 854 
 691 1124 
 59 743 
 677 734 
 502 1522 
 301 115 
 486 380 
 670 1273 
 69 733 
 48 702 
 315 718 
 369 1075 
 731 301 
 122 718 
 252 323 
 214 303 
 688 225 
 252 1534 
 512 303 
 688 303 
 457 118 
 280 122 
 381 501 
 220 1291 
 580 209 
 96 346 
 449 75 
 263 1154 
 472 1405 
 693 323 
 64 304 
 676 114 
 472 549 
 713 122 
 281 323 
 511 39 
 648 1114 
 662 1891 
 58 39 
 122 302 
 140 801 
 78 744 
 580 1107 
 678 1522 
 26 804 
 181 1473 
 323 602 
 18 59 
 90 1401 
 139 1523 
 264 460 
 64 266 
 496 740 
 657 1815 
 58 718 
 580 1417 
 422 1075 
 466 118 
 675 1553 
 443 1777 
 693 1536 
 182 219 
 182 118 
 691 1699 
 275 225 
 692 738 
 208 1670 
 96 99 
 244 1524 
 502 185 
 691 924 
 64 244 
 579 1524 
 340 1669 
 420 219 
 64 730 
 117 740 
 570 118 
 369 1779 
 580 99 
 580 1763 
 524 894 
 139 238 
 678 238 
 358 677 
 507 303 
 296 220 
 404 830 
 140 343 
 356 1154 
 151 1817 
 493 115 
 693 1636 
 693 355 
 96 1879 
 124 242 
 420 751 
 583 1360 
 691 1396 
 502 1044 
 520 231 
 609 1533 
 88 804 
 353 303 
 140 1270 
 252 345 
 294 1670 
 279 1397 
 691 1763 
 675 867 
 104 734 
 591 1868 
 328 365 
 445 739 
 488 862 
 580 1567 
 140 29 
 607 736 
 69 225 
 567 122 
 380 830 
 693 854 
 280 361 
 252 1669 
 280 185 
 301 489 
 662 1365 
 447 1669 
 16 719 
 657 225 
 515 1154 
 48 751 
 96 1570 
 104 305 
 405 1776 
 280 66 
 140 1629 
 675 1124 
 693 62 
 580 211 
 461 634 
 319 1524 
 693 209 
 140 347 
 400 302 
 693 1307 
 233 39 
 664 498 
 579 302 
 318 1428 
 64 115 
 693 1700 
 41 399 
 580 62 
 496 823 
 655 730 
 161 1360 
 693 348 
 140 209 
 515 1524 
 400 830 
 294 1669 
 482 412 
 358 1667 
 723 811 
 580 1034 
 96 1724 
 71 1667 
 117 220 
 39 1401 
 693 1497 
 580 216 
 580 1747 
 352 501 
 418 862 
 281 1524 
 324 1668 
 115 182 
 98 399 
 667 733 
 252 1365 
 675 426 
 353 118 
 281 735 
 551 719 
 35 1123 
 134 304 
 693 576 
 124 244 
 354 926 
 16 1807 
 657 1523 
 564 719 
 715 244 
 354 361 
 58 1523 
 182 718 
 152 301 
 507 830 
 140 1568 
 318 693 
 607 744 
 675 487 
 48 1154 
 38 231 
 490 925 
 675 449 
 26 150 
 141 414 
 380 1534 
 90 1400 
 169 225 
 393 1355 
 358 1670 
 675 1665 
 488 304 
 731 302 
 214 744 
 26 1330 
 684 116 
 280 118 
 447 1668 
 140 867 
 96 1299 
 120 804 
 68 1291 
 580 351 
 530 1043 
 213 707 
 20 488 
 580 1420 
 684 220 
 579 744 
 58 303 
 662 341 
 150 932 
 157 515 
 59 830 
 252 1297 
 319 804 
 493 1583 
 214 231 
 139 115 
 140 487 
 627 1526 
 502 266 
 454 1243 
 675 1305 
 140 103 
 493 496 
 280 284 
 145 304 
 301 39 
 61 734 
 288 733 
 367 783 
 675 1417 
 658 830 
 728 1752 
 335 677 
 693 395 
 281 739 
 473 118 
 167 1868 
 675 350 
 227 1405 
 693 1426 
 182 305 
 402 733 
 182 1405 
 691 1906 
 675 1491 
 558 830 
 64 303 
 124 250 
 252 555 
 662 347 
 495 118 
 350 304 
 379 1667 
 46 244 
 182 231 
 691 1665 
 340 1668 
 657 39 
 661 830 
 502 795 
 140 1107 
 567 718 
 658 751 
 494 1779 
 98 231 
 384 1654 
 280 1043 
 678 738 
 675 1824 
 20 713 
 385 830 
 164 718 
 473 116 
 61 304 
 65 1667 
 669 1318 
 96 905 
 290 1668 
 241 39 
 151 498 
 364 830 
 241 739 
 148 1401 
 728 99 
 693 1606 
 471 502 
 59 115 
 513 1669 
 677 736 
 495 1405 
 490 116 
 366 1522 
 412 733 
 337 744 
 634 714 
 64 250 
 175 116 
 693 442 
 693 641 
 195 1684 
 80 738 
 564 301 
 696 739 
 387 830 
 580 346 
 140 1847 
 59 735 
 580 1826 
 677 304 
 723 1554 
 364 118 
 580 482 
 511 302 
 152 740 
 63 744 
 198 1799 
 65 1669 
 384 664 
 120 1524 
 103 1154 
 328 1532 
 725 851 
 347 740 
 502 1583 
 248 1046 
 693 1741 
 417 231 
 693 147 
 280 1523 
 580 1881 
 516 115 
 196 830 
 217 1397 
 693 341 
 459 1523 
 693 1138 
 389 1667 
 181 737 
 551 1280 
 658 736 
 466 115 
 684 733 
 475 496 
 364 231 
 637 1194 
 140 28 
 186 1670 
 493 744 
 151 1509 
 192 830 
 684 303 
 657 1046 
 425 956 
 281 1523 
 162 804 
 527 1523 
 69 302 
 159 118 
 691 816 
 175 1473 
 389 1670 
 140 877 
 319 488 
 366 380 
 280 744 
 580 1571 
 216 740 
 63 118 
 233 1522 
 252 492 
 200 1589 
 104 219 
 693 350 
 667 231 
 346 1360 
 281 1522 
 662 1298 
 96 1548 
 323 580 
 164 303 
 693 447 
 730 220 
 490 677 
 691 564 
 277 122 
 140 1555 
 72 703 
 358 323 
 658 718 
 450 793 
 654 804 
 426 925 
 69 238 
 693 1086 
 483 115 
 140 1767 
 80 225 
 699 1524 
 580 480 
 368 1630 
 318 1401 
 725 1665 
 182 549 
 140 492 
 580 1033 
 344 806 
 164 738 
 64 231 
 366 225 
 717 225 
 488 231 
 179 925 
 239 244 
 693 52 
 580 212 
 227 1046 
 472 744 
 271 718 
 501 1549 
 140 1150 
 693 1126 
 214 1523 
 511 303 
 447 1670 
 277 116 
 147 115 
 353 304 
 474 580 
 528 315 
 211 1360 
 463 386 
 474 751 
 399 1355 
 96 108 
 580 1305 
 475 122 
 472 122 
 140 351 
 159 1524 
 675 1548 
 351 894 
 515 1777 
 728 1570 
 275 250 
 140 876 
 216 739 
 20 677 
 677 225 
 696 1524 
 567 303 
 252 1141 
 377 932 
 691 448 
 192 303 
 494 804 
 350 225 
 296 219 
 200 303 
 104 498 
 281 231 
 113 737 
 693 816 
 723 1665 
 78 740 
 691 446 
 58 739 
 140 496 
 490 118 
 692 739 
 155 718 
 516 580 
 693 1661 
 364 301 
 168 733 
 116 1063 
 214 1524 
 691 1548 
 427 302 
 204 1524 
 395 122 
 98 734 
 377 1533 
 662 854 
 496 182 
 99 305 
 96 1491 
 660 830 
 275 244 
 15 361 
 104 740 
 58 740 
 712 1362 
 522 1112 
 140 446 
 319 399 
 152 1522 
 691 867 
 693 1748 
 662 340 
 365 932 
 675 448 
 214 738 
 676 1405 
 502 225 
 443 59 
 675 342 
 178 118 
 607 302 
 360 474 
 691 1606 
 194 1868 
 268 39 
 139 231 
 296 303 
 532 804 
 580 226 
 675 428 
 658 739 
 252 1524 
 445 238 
 496 1674 
 662 1107 
 662 1035 
 693 496 
 560 830 
 134 303 
 55 580 
 567 302 
 399 1354 
 87 739 
 329 1776 
 151 1369 
 153 926 
 58 231 
 145 735 
 353 66 
 471 501 
 271 225 
 691 915 
 508 677 
 200 225 
 141 1668 
 24 116 
 153 804 
 96 345 
 234 1361 
 693 148 
 675 1156 
 662 1033 
 507 1154 
 488 733 
 543 225 
 261 1044 
 381 504 
 319 925 
 99 1524 
 405 1360 
 26 1336 
 395 740 
 301 225 
 148 1668 
 327 1775 
 503 1153 
 650 1281 
 543 739 
 558 734 
 156 501 
 663 397 
 353 39 
 96 555 
 385 218 
 332 1668 
 263 59 
 675 1193 
 151 294 
 15 1410 
 281 116 
 318 739 
 377 1534 
 580 1137 
 607 733 
 154 1522 
 104 238 
 196 242 
 153 363 
 475 115 
 675 351 
 182 115 
 714 739 
 693 18 
 96 1858 
 693 1638 
 314 1360 
 662 1593 
 580 1790 
 117 305 
 192 1243 
 168 238 
 726 854 
 182 733 
 675 1572 
 567 114 
 96 612 
 98 301 
 412 738 
 63 182 
 471 500 
 649 235 
 490 231 
 580 966 
 693 21 
 275 1522 
 457 115 
 373 255 
 646 895 
 350 1822 
 693 1304 
 520 219 
 236 1343 
 677 735 
 20 730 
 139 1522 
 580 429 
 570 830 
 481 822 
 653 1361 
 134 1667 
 145 303 
 677 744 
 493 730 
 159 718 
 714 242 
 395 303 
 368 1667 
 169 122 
 169 830 
 693 1069 
 675 1641 
 580 1585 
 368 1361 
 418 59 
 353 1705 
 400 738 
 580 1568 
 149 733 
 201 301 
 691 1881 
 580 1303 
 400 733 
 64 718 
 691 1678 
 261 1524 
 650 1895 
 288 736 
 678 1523 
 570 740 
 344 469 
 408 1360 
 169 1524 
 684 1524 
 15 380 
 714 250 
 152 1311 
 328 1533 
 613 1044 
 67 244 
 350 1292 
 578 1570 
 244 702 
 507 250 
 662 431 
 513 1667 
 684 231 
 528 639 
 353 231 
 358 1524 
 488 225 
 280 363 
 76 118 
 99 303 
 175 862 
 384 655 
 466 303 
 675 326 
 159 301 
 684 219 
 179 540 
 693 966 
 73 185 
 464 1673 
 297 1154 
 200 1522 
 182 1523 
 179 830 
 220 1243 
 492 804 
 182 225 
 354 1044 
 658 733 
 691 1297 
 168 304 
 99 118 
 691 555 
 580 269 
 691 52 
 353 302 
 319 363 
 418 309 
 580 1859 
 239 1523 
 332 693 
 214 301 
 261 1405 
 435 735 
 393 1357 
 662 1668 
 679 942 
 80 116 
 418 278 
 580 447 
 728 323 
 297 1046 
 649 497 
 181 830 
 579 738 
 333 238 
 693 1830 
 117 303 
 691 1305 
 380 1243 
 140 685 
 427 303 
 214 225 
 136 1914 
 580 1641 
 147 122 
 464 1675 
 318 1449 
 177 606 
 152 118 
 580 1904 
 728 612 
 580 1665 
 140 345 
 61 739 
 227 225 
 191 250 
 319 867 
 691 418 
 636 301 
 370 244 
 63 639 
 558 304 
 657 1522 
 611 925 
 579 305 
 472 739 
 141 929 
 694 1524 
 402 735 
 350 489 
 675 1793 
 195 370 
 117 122 
 693 1718 
 696 39 
 691 1769 
 59 219 
 678 116 
 562 738 
 364 304 
 117 741 
 367 804 
 580 440 
 689 1520 
 715 242 
 140 1060 
 275 242 
 156 500 
 550 242 
 354 363 
 246 620 
 693 99 
 281 225 
 662 1678 
 488 839 
 726 851 
 140 1763 
 229 242 
 511 116 
 670 1274 
 578 1901 
 149 734 
 580 1834 
 657 1813 
 140 1035 
 580 851 
 693 1759 
 691 1636 
 198 804 
 675 1852 
 239 238 
 580 270 
 104 741 
 20 1010 
 580 961 
 693 1585 
 562 225 
 466 1522 
 669 1837 
 558 219 
 327 549 
 231 1361 
 688 734 
 319 185 
 145 1405 
 276 743 
 103 1046 
 400 118 
 154 238 
 659 116 
 332 117 
 528 765 
 580 69 
 140 1032 
 337 118 
 693 608 
 140 1141 
 314 1361 
 691 817 
 104 115 
 91 830 
 675 446 
 76 302 
 159 116 
 691 877 
 402 740 
 580 1706 
 80 1522 
 328 361 
 516 1532 
 42 1524 
 64 1044 
 96 351 
 315 1243 
 490 238 
 136 1675 
 667 304 
 8 231 
 59 122 
 414 242 
 579 304 
 140 24 
 693 431 
 658 1524 
 693 685 
 244 733 
 693 434 
 457 116 
 580 1823 
 35 830 
 135 1397 
 122 225 
 61 305 
 169 744 
 580 830 
 570 1524 
 11 819 
 312 804 
 607 231 
 678 302 
 445 740 
 280 496 
 370 242 
 605 894 
 96 354 
 493 304 
 418 1212 
 200 1046 
 288 225 
 524 804 
 603 733 
 87 740 
 252 1086 
 350 1044 
 282 1687 
 579 743 
 99 39 
 691 1862 
 298 804 
 515 733 
 466 116 
 702 238 
 5 1051 
 493 1044 
 63 1523 
 484 1355 
 658 302 
 42 718 
 463 785 
 369 1123 
 296 733 
 271 740 
 580 1190 
 140 1548 
 216 830 
 35 1108 
 677 737 
 580 865 
 713 718 
 281 496 
 728 1901 
 537 1667 
 696 738 
 200 231 
 211 380 
 693 1898 
 140 630 
 153 361 
 425 955 
 192 39 
 337 39 
 236 1361 
 24 115 
 611 1397 
 694 302 
 540 883 
 177 1704 
 103 1044 
 96 887 
 728 608 
 280 231 
 271 735 
 63 231 
 323 1620 
 463 1360 
 345 1154 
 580 1391 
 675 343 
 169 1522 
 527 122 
 682 1046 
 693 1570 
 294 1667 
 305 278 
 369 75 
 728 351 
 78 116 
 564 677 
 391 1532 
 728 1636 
 308 1523 
 227 739 
 385 1243 
 678 115 
 693 1901 
 726 1548 
 280 739 
 94 733 
 377 929 
 689 138 
 346 1361 
 87 231 
 366 713 
 688 738 
 319 739 
 422 301 
 662 342 
 614 244 
 613 303 
 657 238 
 502 115 
 693 70 
 99 122 
 675 442 
 385 741 
 54 1360 
 126 115 
 140 428 
 658 862 
 580 815 
 678 303 
 179 738 
 182 1524 
 271 738 
 580 903 
 579 733 
 169 718 
 96 343 
 502 739 
 99 733 
 78 1029 
 39 1400 
 675 28 
 400 122 
 169 220 
 496 898 
 450 1212 
 710 1684 
 578 1163 
 236 1360 
 281 301 
 140 817 
 275 693 
 207 1400 
 472 1311 
 132 116 
 159 830 
 627 235 
 96 1156 
 580 472 
 80 302 
 179 116 
 96 915 
 654 361 
 145 736 
 17 898 
 35 1121 
 511 115 
 678 736 
 117 304 
 229 250 
 63 1044 
 229 738 
 350 1010 
 379 1670 
 650 3 
 693 102 
 693 1666 
 372 1360 
 48 1429 
 507 1534 
 691 431 
 691 922 
 154 1524 
 493 116 
 280 250 
 691 765 
 181 740 
 580 439 
 580 1373 
 117 116 
 138 926 
 667 1523 
 140 961 
 675 1270 
 96 211 
 327 894 
 179 1522 
 96 851 
 515 302 
 315 1534 
 34 128 
 693 817 
 104 220 
 675 346 
 511 225 
 194 1871 
 405 1291 
 360 39 
 675 1901 
 226 1639 
 693 1273 
 374 1252 
 99 301 
 507 738 
 135 925 
 319 730 
 178 1523 
 558 116 
 402 225 
 662 867 
 140 442 
 104 303 
 400 713 
 33 185 
 435 733 
 37 751 
 725 1554 
 691 429 
 207 1448 
 281 238 
 140 342 
 281 740 
 200 220 
 348 1670 
 59 733 
 580 801 
 515 740 
 472 39 
 261 115 
 294 1668 
 650 75 
 276 738 
 192 302 
 511 739 
 657 115 
 678 231 
 276 733 
 516 830 
 580 608 
 684 304 
 527 225 
 71 1668 
 104 1524 
 358 242 
 580 1556 
 335 301 
 675 496 
 236 1630 
 148 1209 
 35 81 
 580 1278 
 186 231 
 493 225 
 580 867 
 527 115 
 393 761 
 356 830 
 580 97 
 140 1901 
 691 1786 
 361 1044 
 301 1053 
 728 492 
 658 839 
 520 220 
 691 487 
 662 1300 
 173 386 
 580 1101 
 619 804 
 354 1046 
 437 242 
 691 496 
 276 735 
 181 1523 
 674 304 
 678 1524 
 517 1522 
 127 1473 
 182 496 
 337 739 
 26 329 
 280 1046 
 182 744 
 396 1044 
 580 1751 
 421 669 
 319 225 
 564 1495 
 181 734 
 64 1154 
 516 302 
 731 741 
 693 922 
 393 1354 
 580 1908 
 96 442 
 580 18 
 650 687 
 580 816 
 381 502 
 252 496 
 647 1361 
 179 1673 
 350 302 
 693 345 
 580 1060 
 643 118 
 252 1243 
 199 443 
 76 738 
 728 1270 
 496 1673 
 580 1279 
 152 225 
 678 718 
 540 371 
 662 204 
 507 744 
 693 1553 
 280 304 
 578 1793 
 64 156 
 693 1897 
 53 740 
 233 1524 
 64 822 
 398 693 
 271 739 
 232 1522 
 117 738 
 515 1523 
 389 1668 
 369 1109 
 159 1522 
 42 739 
 675 1570 
 504 1777 
 319 751 
 675 1060 
 459 830 
 655 1176 
 179 718 
 580 496 
 99 238 
 657 738 
 155 740 
 662 343 
 693 293 
 271 1523 
 691 1138 
 580 52 
 115 830 
 239 739 
 580 1629 
 179 231 
 145 231 
 675 345 
 675 915 
 580 344 
 280 364 
 475 118 
 244 741 
 141 1883 
 693 1296 
 580 1911 
 580 1743 
 653 1360 
 63 185 
 658 1589 
 490 738 
 511 1405 
 580 1725 
 667 115 
 482 399 
 693 867 
 145 301 
 395 744 
 502 118 
 580 20 
 530 604 
 472 116 
 319 354 
 496 1635 
 140 1301 
 186 1361 
 713 830 
 42 220 
 340 719 
 708 1670 
 666 1524 
 104 304 
 281 830 
 677 301 
 319 1291 
 276 1243 
 691 1581 
 350 1210 
 196 122 
 420 220 
 570 220 
 364 733 
 580 1035 
 96 1282 
 182 740 
 181 225 
 96 323 
 677 740 
 159 740 
 389 1669 
 59 118 
 261 581 
 345 1043 
 580 1835 
 191 830 
 370 738 
 188 59 
 26 1216 
 80 734 
 580 1362 
 679 167 
 662 1699 
 580 800 
 324 1667 
 511 238 
 189 167 
 239 928 
 207 1401 
 691 1364 
 704 1204 
 152 693 
 353 830 
 696 830 
 99 1473 
 241 244 
 579 244 
 580 1638 
 547 500 
 387 718 
 558 735 
 155 118 
 493 1154 
 693 1141 
 622 502 
 580 1304 
 358 830 
 580 547 
 220 76 
 364 740 
 493 1524 
 169 733 
 404 244 
 148 1777 
 280 323 
 459 1209 
 64 185 
 456 925 
 454 1186 
 115 185 
 677 231 
 675 1257 
 177 1861 
 281 733 
 570 739 
 613 361 
 290 1669 
 299 1776 
 244 739 
 496 301 
 584 244 
 495 739 
 708 1669 
 164 231 
 675 1706 
 494 81 
 167 1280 
 466 830 
 113 733 
 543 305 
 232 1532 
 284 651 
 179 114 
 570 115 
 683 182 
 684 740 
 580 108 
 288 39 
 675 1891 
 677 733 
 466 39 
 140 1138 
 324 1669 
 281 734 
 182 1532 
 328 363 
 404 250 
 503 804 
 353 1154 
 455 1668 
 675 323 
 330 1776 
 578 1417 
 725 581 
 76 830 
 694 742 
 318 1291 
 126 39 
 580 428 
 350 231 
 543 242 
 570 122 
 252 1491 
 520 238 
 693 487 
 395 115 
 580 418 
 316 1523 
 96 480 
 430 1397 
 113 736 
 475 323 
 177 167 
 567 304 
 488 238 
 496 380 
 90 1449 
 691 351 
 678 737 
 138 143 
 390 1578 
 168 739 
 580 1306 
 69 231 
 58 738 
 724 397 
 693 1068 
 677 302 
 57 719 
 684 122 
 54 1779 
 113 738 
 395 225 
 570 116 
 507 1523 
 354 488 
 94 734 
 80 735 
 232 220 
 580 887 
 159 115 
 693 97 
 691 1497 
 405 1630 
 684 244 
 437 580 
 530 1044 
 337 115 
 516 116 
 226 1529 
 318 1450 
 691 1759 
 308 718 
 377 1243 
 183 1243 
 691 1300 
 252 1154 
 258 414 
 677 238 
 693 152 
 140 1750 
 61 738 
 136 1010 
 281 743 
 353 301 
 674 302 
 422 35 
 117 1524 
 685 1667 
 59 302 
 657 167 
 493 302 
 667 738 
 168 1532 
 726 426 
 726 651 
 234 739 
 691 1035 
 691 1308 
 348 1668 
 502 242 
 18 702 
 356 1043 
 229 830 
 403 1667 
 350 1635 
 199 785 
 511 1522 
 493 231 
 261 1583 
 393 143 
 580 152 
 693 482 
 484 1357 
 693 1032 
 281 304 
 364 738 
 609 818 
 192 739 
 281 1473 
 366 1175 
 466 1523 
 693 1441 
 679 1861 
 28 184 
 502 740 
 249 250 
 42 115 
 72 301 
 341 116 
 427 242 
 164 122 
 229 740 
 450 804 
 580 1759 
 192 380 
 459 385 
 350 1654 
 214 238 
 37 689 
 511 580 
 662 1297 
 667 734 
 693 448 
 232 231 
 580 92 
 580 1570 
 328 639 
 299 386 
 571 1473 
 140 739 
 558 733 
 271 238 
 222 1871 
 63 225 
 693 211 
 693 1156 
 675 854 
 422 1534 
 64 693 
 693 1066 
 637 116 
 57 1736 
 72 489 
 214 718 
 187 220 
 580 888 
 145 302 
 140 1417 
 558 718 
 402 220 
 239 740 
 159 744 
 96 1725 
 693 480 
 20 1630 
 59 116 
 580 946 
 580 1124 
 76 739 
 83 1639 
 308 301 
 675 1636 
 377 540 
 671 244 
 216 303 
 453 318 
 650 315 
 502 1523 
 201 830 
 419 741 
 226 1212 
 527 303 
 662 816 
 693 1581 
 675 1391 
 264 1639 
 693 1271 
 48 1522 
 543 238 
 670 1271 
 117 231 
 214 115 
 580 341 
 200 1154 
 233 1523 
 691 1101 
 718 1537 
 216 304 
 136 1673 
 83 460 
 345 830 
 229 733 
 496 966 
 502 302 
 19 1522 
 667 302 
 691 427 
 352 502 
 543 1154 
 550 250 
 472 302 
 502 730 
 421 862 
 69 304 
 675 1126 
 117 733 
 196 116 
 580 1786 
 59 231 
 496 583 
 493 1043 
 271 39 
 261 744 
 64 786 
 580 1535 
 657 830 
 662 326 
 731 115 
 713 115 
 675 212 
 358 303 
 495 718 
 328 703 
 493 740 
 631 1673 
 654 1524 
 580 1442 
 63 366 
 152 122 
 368 1668 
 617 898 
 675 208 
 80 718 
 580 1711 
 400 115 
 580 1907 
 96 1270 
 678 122 
 558 231 
 445 231 
 140 1721 
 580 323 
 152 303 
 257 747 
 662 1299 
 140 1305 
 253 1673 
 496 677 
 296 225 
 188 713 
 693 1745 
 358 1523 
 502 1030 
 200 302 
 200 1524 
 231 1360 
 297 1043 
 275 220 
 275 255 
 288 830 
 341 115 
 117 739 
 201 738 
 395 116 
 675 1440 
 693 342 
 200 122 
 504 1212 
 449 1807 
 658 734 
 641 303 
 580 1193 
 181 744 
 580 442 
 148 895 
 181 1522 
 564 496 
 643 116 
 100 1046 
 149 225 
 658 581 
 200 734 
 421 167 
 319 740 
 19 1523 
 488 118 
 674 301 
 580 434 
 558 743 
 580 479 
 216 733 
 200 39 
 662 346 
 140 1786 
 677 242 
 26 232 
 113 225 
 693 1535 
 622 500 
 693 340 
 400 677 
 301 1524 
 33 830 
 113 301 
 580 1717 
 168 928 
 711 1789 
 188 584 
 580 799 
 67 250 
 261 738 
 368 370 
 488 1815 
 69 830 
 509 469 
 543 744 
 337 738 
 405 1361 
 61 219 
 96 1793 
 691 1107 
 459 738 
 308 1524 
 579 238 
 99 115 
 675 1767 
 200 739 
 674 303 
 252 1124 
 252 1859 
 261 1046 
 35 182 
 728 1305 
 78 1522 
 281 220 
 580 1752 
 96 1167 
 385 739 
 580 1590 
 341 118 
 143 501 
 328 364 
 281 1167 
 268 1044 
 140 1852 
 413 1046 
 402 734 
 113 303 
 353 220 
 149 231 
 263 702 
 287 278 
 691 28 
 312 639 
 693 1724 
 59 1589 
 227 122 
 662 830 
 261 718 
 693 103 
 662 351 
 96 449 
 99 744 
 104 116 
 80 1029 
 730 636 
 74 1534 
 398 231 
 347 1522 
 178 1522 
 652 1669 
 729 318 
 691 1629 
 220 1534 
 580 1724 
 178 323 
 140 1593 
 117 225 
 607 734 
 38 225 
 127 739 
 684 238 
 200 115 
 580 1901 
 580 1844 
 140 612 
 507 739 
 350 244 
 693 71 
 236 386 
 337 740 
 159 122 
 728 685 
 662 1126 
 570 718 
 252 1904 
 482 532 
 199 1361 
 691 912 
 227 302 
 168 219 
 693 1866 
 140 1706 
 59 305 
 507 740 
 271 1524 
 681 298 
 41 1879 
 181 738 
 580 121 
 694 303 
 264 1529 
 669 849 
 493 182 
 558 122 
 558 744 
 71 1669 
 580 102 
 677 823 
 627 1914 
 368 1868 
 307 185 
 108 738 
 691 1306 
 539 580 
 662 492 
 140 1553 
 178 739 
 580 215 
 276 736 
 168 735 
 350 1523 
 140 431 
 333 225 
 288 219 
 694 733 
 140 449 
 200 219 
 175 1154 
 140 1299 
 661 1473 
 372 1361 
 430 925 
 507 1522 
 220 323 
 693 149 
 580 1267 
 132 122 
 511 718 
 502 304 
 675 888 
 580 1335 
 691 103 
 730 830 
 350 713 
 179 739 
 659 118 
 297 1044 
 731 118 
 400 718 
 63 303 
 579 219 
 662 487 
 342 116 
 157 508 
 609 1429 
 281 305 
 239 225 
 580 1091 
 169 116 
 493 739 
 642 303 
 182 738 
 220 1348 
 472 740 
 64 739 
 580 435 
 288 740 
 486 1117 
 177 582 
 567 301 
 664 1509 
 607 1524 
 730 66 
 23 128 
 68 609 
 530 1046 
 580 1748 
 493 738 
 417 225 
 684 741 
 490 303 
 332 1291 
 580 214 
 188 602 
 414 733 
 152 744 
 246 619 
 528 489 
 178 303 
 236 370 
 252 487 
 675 887 
 252 801 
 140 352 
 580 1222 
 551 1871 
 301 1523 
 728 574 
 688 238 
 281 738 
 63 1360 
 580 22 
 276 737 
 152 116 
 64 1043 
 693 1302 
 227 118 
 543 740 
 580 204 
 328 804 
 495 39 
 115 751 
 454 804 
 281 118 
 244 225 
 52 363 
 516 1524 
 667 1522 
 580 1676 
 200 66 
 650 1900 
 675 340 
 702 225 
 675 1759 
 703 1807 
 169 1523 
 69 735 
 349 1779 
 216 115 
 675 1757 
 667 301 
 691 1417 
 105 242 
 652 804 
 96 448 
 216 718 
 280 225 
 451 1870 
 281 718 
 20 765 
 657 718 
 562 739 
 669 848 
 387 39 
 227 231 
 510 1871 
 677 116 
 511 1524 
 675 555 
 648 1113 
 140 1570 
 622 504 
 98 744 
 677 244 
 558 238 
 683 185 
 570 302 
 229 1524 
 122 733 
 691 1706 
 334 1401 
 402 738 
 558 39 
 684 305 
 186 1523 
 58 118 
 693 1124 
 186 1668 
 684 118 
 145 118 
 393 572 
 110 220 
 658 242 
 78 1524 
 140 1396 
 276 744 
 422 81 
 96 1060 
 543 301 
 524 733 
 675 429 
 579 735 
 516 738 
 80 955 
 361 1046 
 244 231 
 662 345 
 117 115 
 17 795 
 477 602 
 356 39 
 728 203 
 422 1120 
 164 740 
 642 302 
 155 116 
 580 427 
 63 301 
 725 352 
 380 741 
 281 736 
 542 1243 
 731 122 
 662 208 
 567 118 
 57 677 
 127 830 
 547 502 
 99 830 
 140 738 
 647 203 
 558 118 
 395 718 
 333 231 
 7 750 
 551 1868 
 693 1107 
 140 20 
 468 580 
 186 1669 
 662 685 
 427 244 
 691 1299 
 140 1491 
 99 1523 
 567 115 
 502 738 
 275 238 
 488 735 
 657 118 
 516 1473 
 685 1670 
 350 156 
 173 1361 
 414 734 
 301 580 
 643 115 
 493 185 
 580 1257 
 343 792 
 96 1636 
 182 743 
 214 1522 
 691 204 
 330 1360 
 195 1607 
 582 1175 
 658 744 
 87 738 
 404 303 
 591 584 
 691 1531 
 558 305 
 122 301 
 26 1331 
 182 1522 
 567 116 
 179 1523 
 348 1669 
 527 718 
 691 1593 
 220 218 
 207 1449 
 155 115 
 234 1668 
 182 1311 
 543 304 
 134 225 
 164 238 
 580 103 
 657 301 
 53 1524 
 301 118 
 261 250 
 487 804 
 329 693 
 371 1669 
 445 225 
 145 115 
 229 1526 
