 216 231 
 52 1368 
 316 895 
 725 1554 
 693 854 
 210 343 
 34 128 
 354 926 
 580 1810 
 580 1907 
 580 1391 
 24 116 
 163 1210 
 360 39 
 580 395 
 354 639 
 650 1281 
 254 733 
 270 1524 
 639 744 
 64 302 
 276 733 
 158 39 
 318 1428 
 490 925 
 675 1156 
 138 926 
 722 71 
 131 212 
 675 1141 
 246 622 
 98 399 
 101 59 
 64 846 
 647 203 
 511 116 
 704 1204 
 311 733 
 580 1717 
 580 270 
 163 1454 
 364 238 
 318 693 
 291 733 
 252 820 
 691 1706 
 277 115 
 558 39 
 210 1636 
 693 574 
 675 685 
 435 735 
 152 744 
 168 1243 
 558 302 
 693 1278 
 220 218 
 343 182 
 546 116 
 145 304 
 140 428 
 149 231 
 662 1668 
 63 115 
 200 1046 
 185 1043 
 577 448 
 507 238 
 507 744 
 693 1548 
 350 1186 
 675 1126 
 145 115 
 280 354 
 403 1668 
 214 122 
 657 302 
 278 1583 
 319 1429 
 226 285 
 229 735 
 662 854 
 691 1598 
 691 1308 
 577 914 
 722 147 
 579 238 
 393 144 
 494 1109 
 149 735 
 567 116 
 20 483 
 430 925 
 658 744 
 259 1447 
 315 1534 
 337 122 
 250 693 
 210 448 
 693 209 
 319 361 
 722 359 
 131 232 
 329 1776 
 578 323 
 117 302 
 177 167 
 497 413 
 244 1524 
 580 1124 
 502 115 
 590 1668 
 33 925 
 577 851 
 80 1029 
 497 302 
 321 1778 
 63 231 
 188 59 
 418 862 
 697 238 
 96 1767 
 63 1879 
 210 52 
 675 426 
 510 1871 
 35 1075 
 148 895 
 347 1360 
 691 418 
 564 488 
 675 1824 
 580 217 
 703 1807 
 416 1360 
 694 1524 
 414 733 
 96 913 
 166 1230 
 175 1534 
 72 703 
 578 1162 
 42 718 
 655 266 
 667 733 
 264 285 
 240 894 
 417 231 
 580 1126 
 422 1534 
 281 1473 
 693 1305 
 669 1318 
 140 69 
 140 1107 
 511 231 
 653 609 
 695 383 
 207 1450 
 658 735 
 258 414 
 271 238 
 722 1638 
 238 733 
 96 905 
 580 915 
 57 1736 
 101 1871 
 353 580 
 627 1526 
 662 1365 
 490 115 
 265 492 
 146 304 
 241 231 
 722 1257 
 564 1495 
 29 1043 
 99 114 
 580 813 
 693 1441 
 675 1852 
 580 429 
 289 361 
 681 298 
 408 1361 
 216 304 
 722 1898 
 580 966 
 531 1534 
 64 116 
 185 39 
 140 1060 
 405 1361 
 103 1046 
 496 1654 
 210 1638 
 650 686 
 675 448 
 282 249 
 166 718 
 662 685 
 193 1509 
 140 487 
 463 386 
 662 1665 
 578 1305 
 678 718 
 164 302 
 677 733 
 688 238 
 216 115 
 104 231 
 677 1589 
 722 1156 
 389 1668 
 693 1535 
 182 114 
 335 549 
 314 1361 
 675 1793 
 662 431 
 301 489 
 83 460 
 558 733 
 726 1665 
 300 733 
 533 238 
 210 887 
 539 580 
 210 1763 
 288 718 
 577 1824 
 693 293 
 580 1585 
 691 901 
 580 1794 
 350 380 
 238 302 
 138 143 
 240 1282 
 280 115 
 146 302 
 211 1361 
 220 1807 
 76 302 
 691 102 
 577 854 
 662 1298 
 320 1524 
 421 862 
 175 839 
 140 341 
 662 1638 
 567 304 
 324 1669 
 502 1030 
 472 718 
 96 1858 
 254 302 
 728 1270 
 662 1396 
 35 185 
 247 1311 
 307 185 
 659 116 
 169 122 
 280 1043 
 457 115 
 367 639 
 80 302 
 210 1124 
 722 269 
 722 865 
 650 315 
 57 677 
 722 28 
 667 39 
 484 1357 
 678 744 
 122 733 
 233 718 
 672 1807 
 694 302 
 496 182 
 305 278 
 722 1657 
 577 1554 
 381 502 
 276 1243 
 164 718 
 210 1678 
 303 639 
 580 323 
 377 929 
 211 380 
 369 1779 
 580 1373 
 94 733 
 438 609 
 352 501 
 155 116 
 728 212 
 319 323 
 515 302 
 54 1779 
 675 341 
 488 231 
 245 443 
 399 1355 
 179 718 
 579 718 
 11 819 
 280 364 
 350 306 
 578 1417 
 657 1813 
 214 302 
 20 1010 
 566 744 
 693 487 
 722 198 
 693 1279 
 691 447 
 117 744 
 490 231 
 653 1630 
 615 1348 
 577 427 
 353 116 
 558 744 
 48 1807 
 580 946 
 361 1046 
 677 1524 
 490 677 
 319 488 
 284 449 
 314 1360 
 607 302 
 117 304 
 299 1360 
 580 1190 
 280 185 
 648 1114 
 313 116 
 694 718 
 580 1897 
 693 336 
 96 1901 
 41 1879 
 670 1274 
 728 323 
 280 744 
 693 1302 
 580 121 
 261 1043 
 280 284 
 38 238 
 154 1524 
 691 1305 
 691 1769 
 371 1669 
 291 115 
 662 347 
 475 1861 
 693 564 
 140 888 
 99 115 
 289 929 
 17 1909 
 496 898 
 140 431 
 578 1852 
 289 730 
 68 609 
 580 1748 
 39 1401 
 158 744 
 567 115 
 24 115 
 138 1153 
 140 1763 
 21 1010 
 208 1668 
 422 81 
 693 395 
 580 1821 
 669 848 
 151 1369 
 551 268 
 99 1524 
 662 487 
 580 887 
 281 743 
 254 304 
 323 580 
 426 925 
 121 231 
 140 24 
 369 1075 
 494 1112 
 164 238 
 580 1790 
 277 116 
 691 1364 
 96 431 
 658 718 
 722 1855 
 299 1776 
 449 75 
 533 304 
 210 341 
 693 434 
 192 733 
 350 1210 
 312 1010 
 342 122 
 319 1524 
 80 744 
 319 238 
 617 693 
 155 718 
 59 231 
 528 315 
 693 1257 
 138 1533 
 324 1668 
 126 39 
 713 122 
 580 1725 
 179 115 
 691 1790 
 275 898 
 182 39 
 667 238 
 650 687 
 693 348 
 580 1443 
 311 1243 
 493 266 
 350 302 
 214 580 
 684 1589 
 580 212 
 173 1360 
 580 1911 
 97 1046 
 182 549 
 147 116 
 216 1405 
 210 270 
 580 1267 
 596 306 
 280 363 
 158 304 
 691 1638 
 281 1405 
 152 116 
 63 361 
 580 1606 
 607 744 
 675 555 
 142 1673 
 607 231 
 579 116 
 502 39 
 580 1193 
 504 1665 
 78 744 
 188 713 
 350 730 
 156 502 
 691 434 
 96 99 
 580 1718 
 280 1360 
 675 431 
 516 580 
 185 677 
 577 209 
 353 231 
 182 703 
 140 1585 
 577 555 
 113 380 
 252 1668 
 693 1593 
 429 184 
 210 431 
 196 115 
 186 231 
 369 75 
 38 231 
 691 1396 
 252 1035 
 248 1043 
 580 1279 
 580 448 
 724 115 
 580 1724 
 155 115 
 547 504 
 39 1400 
 163 580 
 121 1495 
 580 1638 
 140 1463 
 609 1429 
 328 361 
 670 1273 
 566 122 
 64 1524 
 691 449 
 37 285 
 210 350 
 718 1537 
 577 1035 
 157 515 
 580 1299 
 358 1668 
 691 1004 
 96 1299 
 675 354 
 474 1446 
 504 1209 
 502 1029 
 311 116 
 722 1859 
 159 238 
 138 639 
 254 115 
 414 735 
 220 323 
 169 718 
 691 1124 
 275 693 
 591 584 
 178 1043 
 418 309 
 196 116 
 504 1668 
 422 35 
 35 1108 
 294 1668 
 60 39 
 158 733 
 393 1353 
 693 887 
 693 1270 
 675 103 
 688 304 
 148 1668 
 140 1298 
 289 898 
 691 482 
 430 1397 
 722 1555 
 319 203 
 728 354 
 662 1299 
 210 1270 
 679 942 
 580 1034 
 284 326 
 580 1676 
 291 231 
 104 549 
 117 114 
 254 839 
 263 702 
 20 488 
 693 1304 
 73 182 
 377 1243 
 515 718 
 179 1673 
 580 1362 
 377 1532 
 516 1473 
 252 1859 
 96 70 
 558 1524 
 98 744 
 511 580 
 580 1665 
 96 350 
 140 1124 
 390 1532 
 546 862 
 200 115 
 691 52 
 726 1548 
 675 102 
 96 1548 
 468 255 
 227 231 
 401 489 
 303 693 
 276 744 
 181 733 
 580 344 
 226 1639 
 728 1305 
 271 733 
 693 1590 
 216 122 
 140 1823 
 163 929 
 281 302 
 280 1153 
 531 231 
 175 116 
 368 1361 
 210 117 
 261 744 
 186 1360 
 722 1904 
 185 363 
 580 103 
 547 502 
 577 1849 
 291 238 
 516 122 
 524 894 
 220 160 
 482 399 
 527 122 
 341 116 
 80 733 
 693 1666 
 693 148 
 693 1273 
 8 231 
 140 1396 
 96 685 
 80 735 
 580 1060 
 391 1532 
 401 1524 
 186 1669 
 731 116 
 154 238 
 252 1396 
 328 1573 
 580 209 
 96 105 
 101 484 
 96 1417 
 181 1029 
 367 783 
 200 302 
 722 1535 
 637 116 
 580 1257 
 61 733 
 717 238 
 98 238 
 684 231 
 381 1350 
 275 719 
 372 1360 
 227 718 
 697 733 
 722 209 
 570 238 
 140 1572 
 303 1153 
 210 564 
 96 203 
 728 492 
 728 1299 
 722 1554 
 496 583 
 577 1396 
 643 116 
 210 99 
 569 602 
 677 744 
 580 1497 
 723 1396 
 676 114 
 580 1305 
 429 956 
 592 1871 
 183 1243 
 140 1881 
 182 1046 
 580 89 
 497 1046 
 369 1121 
 140 99 
 583 1361 
 121 719 
 329 280 
 163 354 
 96 1491 
 140 1086 
 662 203 
 662 1034 
 64 639 
 234 1361 
 140 743 
 688 744 
 580 1571 
 216 718 
 210 1858 
 502 182 
 662 1417 
 104 116 
 675 950 
 20 765 
 577 1528 
 350 1046 
 691 923 
 708 1669 
 226 460 
 564 719 
 497 354 
 240 1186 
 252 1124 
 613 361 
 85 1046 
 59 304 
 210 492 
 64 744 
 502 1524 
 366 238 
 472 39 
 405 280 
 312 639 
 477 602 
 479 735 
 273 1524 
 580 40 
 199 785 
 693 1866 
 140 18 
 140 343 
 316 441 
 300 302 
 96 887 
 580 92 
 99 718 
 260 238 
 483 115 
 457 122 
 64 231 
 531 1243 
 435 733 
 607 1524 
 577 1592 
 182 1311 
 459 385 
 232 733 
 662 1606 
 96 346 
 437 580 
 570 116 
 688 302 
 693 946 
 198 744 
 728 1901 
 667 304 
 578 1126 
 17 795 
 139 231 
 675 99 
 650 75 
 693 913 
 418 306 
 214 718 
 580 18 
 72 489 
 140 1750 
 730 636 
 96 555 
 238 304 
 288 733 
 181 1473 
 531 703 
 159 744 
 140 1034 
 693 447 
 697 231 
 577 293 
 687 1673 
 48 702 
 96 270 
 244 742 
 693 1606 
 562 302 
 350 1822 
 140 340 
 502 1046 
 70 1674 
 713 116 
 198 1799 
 646 895 
 691 1554 
 168 733 
 497 1605 
 631 115 
 497 744 
 723 851 
 691 1430 
 35 1113 
 43 735 
 578 355 
 377 932 
 580 1107 
 577 447 
 658 1524 
 728 1636 
 675 1443 
 577 323 
 63 703 
 239 1524 
 457 116 
 728 801 
 722 1897 
 722 1440 
 238 735 
 567 122 
 26 1336 
 96 1300 
 210 487 
 224 318 
 96 1859 
 356 718 
 468 898 
 693 211 
 693 97 
 667 302 
 543 238 
 722 1721 
 454 1243 
 675 854 
 227 1046 
 713 718 
 693 685 
 281 116 
 693 1793 
 440 785 
 104 1524 
 497 1524 
 622 501 
 96 851 
 328 364 
 650 1701 
 505 929 
 622 502 
 136 1677 
 261 323 
 63 302 
 577 1830 
 566 1524 
 650 1900 
 166 1807 
 159 1524 
 580 1282 
 468 580 
 318 1401 
 693 21 
 101 785 
 689 1519 
 63 1360 
 400 302 
 152 238 
 650 3 
 18 702 
 248 1046 
 580 108 
 497 1635 
 210 1852 
 454 1619 
 694 733 
 63 1046 
 722 1723 
 42 115 
 691 1300 
 204 39 
 140 1767 
 297 1046 
 246 619 
 187 231 
 182 1405 
 693 52 
 484 1354 
 163 730 
 722 1391 
 220 1534 
 691 1391 
 350 1635 
 728 203 
 580 343 
 577 1124 
 76 238 
 577 946 
 662 1107 
 693 1898 
 210 293 
 54 1360 
 159 115 
 550 39 
 261 304 
 181 115 
 691 448 
 159 122 
 287 278 
 330 1360 
 343 793 
 445 238 
 227 1524 
 580 97 
 516 1532 
 227 122 
 136 1010 
 319 399 
 20 730 
 167 1280 
 142 185 
 350 744 
 578 1307 
 693 419 
 693 922 
 143 503 
 693 1417 
 580 1335 
 318 1400 
 385 1534 
 398 1532 
 546 531 
 192 302 
 63 639 
 139 115 
 577 431 
 639 304 
 675 1035 
 580 1035 
 64 1252 
 140 1706 
 591 1871 
 722 293 
 16 719 
 675 345 
 577 967 
 360 925 
 497 39 
 722 1302 
 654 361 
 58 116 
 675 1553 
 577 203 
 693 1141 
 711 1789 
 650 1902 
 566 1274 
 175 1605 
 234 1668 
 577 1548 
 520 238 
 580 1908 
 693 1567 
 667 115 
 693 914 
 307 1102 
 675 1302 
 673 1113 
 254 231 
 349 1779 
 252 801 
 18 59 
 210 1665 
 543 231 
 401 115 
 657 693 
 181 718 
 577 1536 
 185 1046 
 271 304 
 722 480 
 566 238 
 516 718 
 210 1491 
 722 1426 
 507 302 
 64 693 
 728 1767 
 333 184 
 323 1778 
 252 1554 
 691 1678 
 667 718 
 321 1534 
 78 116 
 350 677 
 100 1046 
 693 1391 
 358 231 
 688 735 
 497 1604 
 64 1046 
 321 928 
 140 352 
 386 1355 
 493 302 
 71 1668 
 315 718 
 143 502 
 64 1583 
 488 1815 
 60 115 
 229 719 
 101 1361 
 296 733 
 140 1793 
 227 238 
 214 231 
 722 612 
 693 350 
 366 1175 
 59 743 
 675 1091 
 402 238 
 558 231 
 456 116 
 722 913 
 566 304 
 98 1243 
 722 1881 
 517 1524 
 543 302 
 722 29 
 37 1360 
 223 78 
 472 1524 
 711 713 
 580 641 
 350 1736 
 192 380 
 674 302 
 577 341 
 252 1141 
 693 1443 
 693 1365 
 217 925 
 692 955 
 558 115 
 677 238 
 135 1397 
 691 426 
 580 1678 
 722 641 
 693 1189 
 99 1469 
 693 950 
 96 448 
 182 744 
 138 144 
 26 150 
 353 238 
 384 664 
 722 492 
 59 238 
 667 735 
 720 317 
 63 76 
 122 302 
 472 122 
 400 718 
 109 1524 
 684 718 
 675 801 
 356 1593 
 662 103 
 580 21 
 497 122 
 691 1138 
 350 713 
 140 1138 
 20 160 
 675 449 
 570 231 
 679 167 
 693 99 
 72 1620 
 59 115 
 319 1292 
 571 1473 
 182 231 
 577 1279 
 140 1365 
 96 447 
 580 1629 
 186 1668 
 580 472 
 122 231 
 61 238 
 140 203 
 140 29 
 722 1262 
 273 942 
 144 1350 
 168 304 
 69 231 
 677 302 
 59 116 
 290 1668 
 289 580 
 693 105 
 20 713 
 670 1268 
 252 1678 
 222 1361 
 232 1532 
 76 122 
 334 1401 
 229 1526 
 722 1107 
 577 1210 
 662 1035 
 261 1524 
 488 304 
 349 1075 
 662 349 
 163 1448 
 490 683 
 580 52 
 571 677 
 577 1759 
 643 1807 
 564 323 
 39 1399 
 477 702 
 675 1665 
 693 71 
 261 231 
 238 744 
 658 302 
 722 1866 
 580 901 
 140 1035 
 174 1155 
 543 733 
 580 434 
 85 1043 
 675 1417 
 580 449 
 216 302 
 300 677 
 96 354 
 577 1581 
 289 1605 
 546 942 
 353 304 
 216 744 
 138 850 
 580 1590 
 227 39 
 662 1548 
 693 1768 
 580 888 
 722 472 
 226 466 
 675 1391 
 78 115 
 138 1532 
 577 426 
 611 925 
 246 620 
 577 70 
 422 1386 
 678 302 
 401 231 
 158 116 
 374 1252 
 577 1700 
 395 231 
 150 932 
 454 693 
 261 1560 
 270 363 
 722 1362 
 691 1634 
 182 1705 
 495 116 
 377 218 
 603 733 
 318 1429 
 360 1397 
 395 115 
 192 1243 
 22 184 
 647 1361 
 570 718 
 486 380 
 185 238 
 319 920 
 580 1284 
 327 549 
 459 386 
 64 862 
 327 895 
 60 744 
 657 1046 
 675 69 
 570 1524 
 577 350 
 135 925 
 580 1548 
 693 924 
 662 1669 
 360 474 
 104 718 
 58 238 
 531 718 
 210 354 
 289 719 
 662 340 
 179 1524 
 482 1693 
 577 1901 
 177 606 
 69 733 
 722 1304 
 20 484 
 662 447 
 140 102 
 650 1740 
 341 115 
 379 1668 
 284 651 
 611 1397 
 117 231 
 648 1113 
 693 1678 
 580 62 
 210 434 
 318 1399 
 398 231 
 210 1641 
 473 122 
 369 81 
 693 212 
 429 304 
 540 1415 
 474 1447 
 708 1668 
 577 1862 
 580 801 
 675 1641 
 580 348 
 720 316 
 224 1807 
 396 1045 
 58 122 
 580 1747 
 607 238 
 281 323 
 134 304 
 354 363 
 691 1629 
 98 898 
 484 1355 
 96 1167 
 261 122 
 722 69 
 566 735 
 558 122 
 288 231 
 693 18 
 675 323 
 693 813 
 71 1669 
 722 426 
 488 693 
 691 1365 
 169 1534 
 418 59 
 468 677 
 497 304 
 393 1357 
 294 1669 
 129 839 
 393 1354 
 580 22 
 358 323 
 169 744 
 58 744 
 418 1212 
 222 1360 
 658 1045 
 693 1742 
 691 1581 
 676 718 
 254 1043 
 210 1254 
 661 1473 
 580 961 
 311 743 
 210 612 
 35 182 
 577 212 
 691 1299 
 196 122 
 699 1524 
 200 122 
 580 1556 
 654 1524 
 531 1046 
 158 115 
 166 862 
 662 1300 
 168 735 
 457 1473 
 579 1589 
 99 1473 
 556 1673 
 501 1549 
 252 1126 
 264 460 
 163 719 
 658 231 
 318 1448 
 252 487 
 577 529 
 26 1339 
 200 1524 
 405 693 
 726 29 
 693 903 
 121 238 
 643 122 
 722 1335 
 59 744 
 129 1674 
 463 785 
 722 55 
 90 1449 
 488 839 
 163 115 
 472 744 
 727 1520 
 695 389 
 728 99 
 725 352 
 722 1005 
 145 744 
 90 1400 
 456 925 
 301 1524 
 691 70 
 288 238 
 380 1534 
 493 116 
 608 1212 
 153 926 
 291 302 
 558 304 
 319 730 
 580 924 
 200 733 
 580 1823 
 364 302 
 348 1668 
 675 529 
 29 1524 
 691 1901 
 425 955 
 662 343 
 96 343 
 474 580 
 581 128 
 577 492 
 185 380 
 693 1657 
 140 449 
 691 1763 
 485 286 
 189 167 
 141 1668 
 283 1532 
 140 1606 
 323 602 
 195 1684 
 416 1361 
 495 231 
 161 1360 
 530 604 
 691 1906 
 702 231 
 129 744 
 511 744 
 231 1360 
 117 122 
 117 238 
 210 69 
 502 302 
 252 1299 
 722 1441 
 726 854 
 580 905 
 335 184 
 339 925 
 54 1112 
 214 744 
 343 792 
 662 888 
 59 302 
 693 1004 
 558 1589 
 475 122 
 210 1293 
 490 703 
 96 1706 
 427 302 
 64 115 
 691 1101 
 511 733 
 210 1786 
 131 677 
 252 1524 
 216 1576 
 158 718 
 693 529 
 675 1606 
 490 1311 
 66 1511 
 488 1046 
 693 103 
 59 122 
 580 851 
 90 1448 
 63 1043 
 254 1524 
 722 18 
 226 1212 
 277 122 
 687 1043 
 236 693 
 578 1172 
 260 231 
 96 487 
 280 231 
 658 238 
 453 306 
 693 1901 
 678 304 
 675 1759 
 691 555 
 20 677 
 185 1524 
 98 302 
 332 693 
 300 231 
 615 605 
 502 730 
 728 1548 
 68 289 
 265 851 
 194 1280 
 580 1826 
 281 39 
 675 203 
 693 152 
 447 1669 
 168 238 
 695 1210 
 540 278 
 60 302 
 165 1046 
 280 116 
 211 1360 
 580 765 
 722 1297 
 496 693 
 631 116 
 722 482 
 569 1630 
 182 304 
 121 302 
 64 304 
 96 915 
 691 801 
 300 498 
 367 926 
 77 498 
 605 895 
 496 823 
 657 1814 
 100 1043 
 580 1004 
 301 122 
 662 1491 
 533 744 
 104 302 
 466 122 
 96 480 
 648 1115 
 156 501 
 353 733 
 580 1222 
 401 718 
 222 1871 
 280 39 
 182 743 
 300 713 
 210 1086 
 17 703 
 140 20 
 200 718 
 268 1043 
 639 718 
 497 1043 
 356 1043 
 140 1150 
 657 1815 
 508 677 
 387 718 
 201 302 
 693 966 
 76 1532 
 208 1669 
 393 1355 
 300 735 
 35 602 
 691 1866 
 364 703 
 582 1870 
 423 639 
 577 1305 
 181 116 
 578 1901 
 96 293 
 138 1429 
 693 1150 
 42 39 
 546 115 
 145 718 
 722 1290 
 254 238 
 722 434 
 373 255 
 140 877 
 722 149 
 577 69 
 693 1908 
 722 1572 
 477 59 
 472 302 
 396 1043 
 726 426 
 252 1669 
 580 71 
 490 116 
 684 238 
 722 651 
 15 361 
 353 39 
 76 231 
 126 116 
 164 304 
 140 612 
 175 1397 
 446 115 
 577 487 
 281 733 
 334 1399 
 667 744 
 580 1881 
 239 238 
 564 677 
 711 730 
 678 122 
 577 817 
 661 733 
 691 1852 
 693 340 
 236 1776 
 731 302 
 702 238 
 580 1723 
 511 39 
 98 733 
 145 1405 
 63 744 
 300 693 
 69 735 
 454 1879 
 96 1293 
 479 742 
 582 1175 
 59 718 
 176 1360 
 240 185 
 484 1351 
 61 304 
 686 320 
 163 1620 
 693 343 
 693 323 
 401 114 
 712 1362 
 140 854 
 577 1657 
 617 677 
 140 347 
 570 744 
 96 1295 
 667 116 
 16 1807 
 722 966 
 52 363 
 579 744 
 210 854 
 484 572 
 414 567 
 580 630 
 726 651 
 722 334 
 527 718 
 214 238 
 281 744 
 122 718 
 399 1354 
 722 1273 
 116 1063 
 169 1311 
 486 702 
 726 851 
 96 323 
 653 1361 
 244 702 
 580 1859 
 67 1029 
 142 1654 
 136 1807 
 511 302 
 335 677 
 722 270 
 577 1597 
 693 1060 
 577 354 
 367 1582 
 384 1654 
 691 103 
 722 1852 
 236 1360 
 280 304 
 516 733 
 19 1524 
 691 851 
 464 1673 
 469 955 
 200 231 
 693 341 
 722 817 
 728 1793 
 691 108 
 695 1209 
 566 302 
 488 116 
 691 429 
 194 1871 
 490 862 
 64 718 
 728 685 
 250 709 
 238 718 
 577 1750 
 252 492 
 164 122 
 450 792 
 216 1524 
 662 350 
 527 115 
 127 1469 
 613 639 
 676 184 
 693 1497 
 104 115 
 579 1524 
 675 1254 
 577 1678 
 577 1004 
 313 122 
 311 39 
 691 1035 
 261 718 
 296 238 
 580 1156 
 329 1360 
 422 1109 
 210 1901 
 691 1553 
 580 1417 
 675 1636 
 422 1075 
 695 386 
 402 733 
 216 116 
 662 1891 
 185 1184 
 722 576 
 577 1138 
 76 718 
 319 925 
 657 39 
 577 21 
 493 1583 
 96 449 
 402 744 
 580 487 
 210 1629 
 207 1399 
 622 504 
 472 116 
 358 1669 
 577 1585 
 577 1757 
 35 81 
 580 198 
 109 1576 
 675 489 
 577 877 
 728 1491 
 691 685 
 722 1585 
 17 1599 
 504 1212 
 330 1361 
 101 1776 
 693 355 
 643 718 
 693 1638 
 684 115 
 185 185 
 429 302 
 319 354 
 185 925 
 147 115 
 722 650 
 252 431 
 463 1360 
 679 1861 
 691 765 
 693 641 
 116 1018 
 58 39 
 528 765 
 236 1361 
 291 743 
 151 1817 
 140 1305 
 612 718 
 236 1630 
 244 733 
 233 39 
 691 887 
 412 733 
 540 883 
 664 1509 
 153 1153 
 580 1365 
 244 302 
 577 346 
 674 304 
 278 1584 
 411 735 
 580 1426 
 450 1212 
 109 1010 
 405 1776 
 210 1299 
 178 323 
 108 1677 
 511 238 
 580 447 
 722 1851 
 157 508 
 537 1669 
 473 116 
 580 440 
 152 39 
 405 386 
 182 1532 
 254 1046 
 678 735 
 697 735 
 301 116 
 458 231 
 140 1678 
 577 102 
 321 218 
 252 447 
 337 744 
 693 1581 
 384 572 
 77 589 
 453 318 
 366 488 
 402 231 
 117 39 
 393 850 
 693 630 
 725 851 
 16 925 
 387 1524 
 691 1636 
 577 1298 
 350 489 
 502 744 
 639 231 
 140 564 
 429 955 
 693 1741 
 270 1879 
 675 1884 
 252 1581 
 273 400 
 488 744 
 423 1524 
 169 1243 
 533 231 
 657 1043 
 693 1661 
 646 894 
 728 1859 
 356 1046 
 158 238 
 580 1741 
 577 345 
 104 238 
 159 116 
 662 1297 
 239 928 
 210 345 
 652 1210 
 493 730 
 580 1032 
 420 114 
 72 1532 
 182 116 
 299 386 
 210 355 
 136 1675 
 580 1308 
 655 730 
 80 955 
 319 363 
 595 1534 
 291 744 
 524 733 
 580 1150 
 299 1361 
 691 419 
 675 347 
 140 1847 
 577 1060 
 68 1840 
 546 323 
 580 1091 
 722 70 
 496 1673 
 727 1519 
 496 1674 
 268 39 
 511 115 
 580 1834 
 615 76 
 145 116 
 423 363 
 59 1589 
 580 20 
 63 182 
 580 69 
 627 235 
 484 1353 
 722 1172 
 63 1524 
 429 498 
 13 488 
 488 735 
 271 231 
 675 1193 
 418 278 
 154 231 
 140 1491 
 495 122 
 210 1060 
 69 304 
 496 839 
 374 1238 
 504 1777 
 210 1606 
 577 1638 
 329 1343 
 570 302 
 580 1851 
 96 340 
 580 1189 
 99 116 
 639 302 
 547 503 
 145 743 
 580 914 
 96 1821 
 722 1718 
 577 1553 
 155 122 
 580 350 
 261 1583 
 722 1629 
 227 115 
 662 1593 
 240 890 
 140 1593 
 495 1405 
 280 323 
 64 266 
 399 1353 
 538 1473 
 502 932 
 402 735 
 580 799 
 580 1137 
 692 956 
 675 1270 
 210 1859 
 511 1405 
 731 733 
 580 439 
 464 1674 
 179 231 
 577 1365 
 577 1763 
 580 431 
 722 854 
 675 1305 
 364 733 
 308 718 
 664 1817 
 140 744 
 64 1043 
 17 894 
 580 216 
 695 388 
 417 238 
 675 1548 
 311 302 
 342 115 
 60 735 
 693 1592 
 513 1669 
 370 1010 
 210 482 
 214 733 
 673 1115 
 337 39 
 369 1123 
 657 1672 
 252 1297 
 566 115 
 186 1361 
 728 1300 
 450 793 
 693 1491 
 577 1874 
 693 1107 
 580 1904 
 236 786 
 493 182 
 20 380 
 693 576 
 311 304 
 675 612 
 722 574 
 120 639 
 352 504 
 662 341 
 140 1554 
 273 1673 
 365 932 
 210 149 
 472 231 
 204 1524 
 101 112 
 281 238 
 140 851 
 729 318 
 210 888 
 140 685 
 691 428 
 19 39 
 580 346 
 579 1405 
 691 487 
 252 1491 
 502 266 
 291 735 
 678 115 
 493 115 
 577 685 
 185 540 
 422 1779 
 169 1524 
 244 39 
 577 1107 
 90 1399 
 722 1858 
 316 733 
 493 304 
 69 302 
 140 447 
 693 354 
 662 1124 
 562 742 
 207 1449 
 579 735 
 96 492 
 580 419 
 580 815 
 583 1360 
 693 1271 
 466 39 
 60 231 
 140 1443 
 668 238 
 678 733 
 185 302 
 684 304 
 531 302 
 691 28 
 167 295 
 722 815 
 99 231 
 566 116 
 580 1641 
 26 1340 
 691 1497 
 200 238 
 580 576 
 83 1639 
 332 117 
 140 1032 
 210 1300 
 423 361 
 422 1120 
 577 1891 
 368 1668 
 354 1807 
 579 733 
 68 380 
 675 1491 
 254 744 
 570 115 
 546 1495 
 527 116 
 670 1271 
 280 122 
 178 203 
 210 344 
 421 167 
 495 1524 
 691 1786 
 15 380 
 580 358 
 140 1301 
 577 1598 
 580 547 
 280 1524 
 577 1254 
 482 412 
 318 1427 
 330 1776 
 722 1768 
 673 1114 
 152 1524 
 722 1420 
 580 1858 
 580 913 
 728 487 
 693 345 
 677 718 
 722 1417 
 210 70 
 678 231 
 148 1210 
 577 1417 
 454 218 
 303 1524 
 352 502 
 543 693 
 578 1665 
 580 135 
 321 238 
 580 1441 
 214 116 
 323 1620 
 577 1141 
 657 718 
 543 735 
 488 718 
 551 1871 
 364 718 
 676 1405 
 179 122 
 140 345 
 580 428 
 319 1029 
 502 1583 
 675 1901 
 340 1668 
 318 1449 
 200 744 
 400 677 
 121 531 
 254 718 
 580 1721 
 344 1360 
 210 1581 
 168 1532 
 328 1532 
 496 677 
 140 1721 
 221 925 
 577 55 
 613 1046 
 607 735 
 80 116 
 577 1832 
 61 231 
 377 1534 
 493 231 
 691 922 
 64 185 
 580 1767 
 96 612 
 216 1573 
 99 238 
 252 1879 
 678 238 
 691 1126 
 356 39 
 350 1010 
 151 1509 
 210 161 
 675 887 
 517 130 
 210 1305 
 229 733 
 16 531 
 281 718 
 138 761 
 104 122 
 125 1353 
 117 703 
 693 1636 
 308 1524 
 689 138 
 281 231 
 74 1534 
 722 1193 
 144 459 
 96 1270 
 179 925 
 683 185 
 722 1497 
 99 39 
 723 1665 
 229 39 
 691 924 
 153 639 
 466 116 
 693 347 
 722 439 
 669 849 
 398 1534 
 315 1243 
 577 1793 
 149 304 
 148 1777 
 61 302 
 580 1751 
 693 1718 
 98 231 
 136 167 
 401 302 
 402 122 
 693 1725 
 722 774 
 713 115 
 200 1589 
 675 429 
 471 502 
 580 1555 
 328 1533 
 722 1365 
 722 1186 
 252 1086 
 720 1782 
 259 1446 
 96 1138 
 580 435 
 23 128 
 290 1669 
 502 185 
 693 28 
 580 105 
 101 443 
 327 441 
 276 735 
 693 326 
 693 448 
 580 899 
 398 1533 
 677 735 
 271 302 
 722 630 
 451 1870 
 493 185 
 96 212 
 182 122 
 64 730 
 64 182 
 722 1665 
 702 184 
 175 1473 
 696 1524 
 220 203 
 46 693 
 140 1629 
 682 1046 
 210 1793 
 350 1654 
 140 209 
 366 713 
 199 443 
 163 284 
 23 130 
 607 733 
 210 1723 
 546 1167 
 138 39 
 580 1420 
 658 839 
 663 298 
 678 116 
 657 122 
 26 228 
 280 1046 
 199 1361 
 497 231 
 234 1669 
 214 115 
 440 1360 
 580 1270 
 140 1786 
 693 1665 
 300 238 
 96 1724 
 337 115 
 693 1035 
 684 1524 
 164 231 
 210 212 
 455 1871 
 318 1450 
 158 122 
 530 1043 
 497 115 
 579 743 
 178 605 
 281 1673 
 529 39 
 693 1066 
 687 1046 
 675 1124 
 502 116 
 580 1300 
 400 733 
 236 1343 
 96 854 
 195 1607 
 540 371 
 445 231 
 179 114 
 537 1668 
 664 498 
 140 1598 
 675 1874 
 115 182 
 140 1866 
 125 1354 
 229 1473 
 395 116 
 650 1895 
 693 1034 
 405 1630 
 675 350 
 238 1405 
 210 446 
 261 238 
 276 743 
 364 744 
 329 693 
 367 588 
 670 1267 
 728 612 
 78 1524 
 264 1639 
 232 238 
 693 418 
 580 922 
 181 735 
 580 418 
 140 799 
 693 1124 
 580 1742 
 580 1847 
 332 59 
 685 1669 
 210 211 
 475 323 
 473 718 
 639 733 
 412 735 
 496 380 
 691 1793 
 354 361 
 99 733 
 321 925 
 210 555 
 263 59 
 693 1844 
 693 147 
 655 1176 
 129 238 
 28 184 
 580 1752 
 431 1360 
 493 1046 
 580 529 
 429 693 
 495 718 
 516 302 
 543 862 
 358 1524 
 186 1524 
 580 1304 
 163 1605 
 550 1524 
 223 1007 
 675 914 
 580 1296 
 555 1550 
 140 350 
 580 334 
 691 1491 
 131 209 
 482 1662 
 142 1807 
 693 1907 
 99 1417 
 96 345 
 443 1777 
 319 1064 
 642 302 
 35 1123 
 147 128 
 423 1534 
 634 714 
 210 1706 
 59 733 
 691 1297 
 722 216 
 516 1524 
 475 39 
 580 1852 
 144 502 
 353 1705 
 529 1473 
 300 1654 
 132 115 
 104 733 
 179 540 
 337 116 
 332 1668 
 319 677 
 351 894 
 289 1654 
 252 1534 
 273 231 
 577 419 
 328 703 
 580 1364 
 95 1668 
 175 862 
 353 744 
 281 735 
 580 1759 
 566 718 
 109 1573 
 546 354 
 185 744 
 580 1440 
 57 719 
 229 744 
 691 1593 
 301 39 
 533 735 
 684 744 
 693 1091 
 65 1669 
 493 646 
 701 639 
 90 1450 
 252 854 
 152 1311 
 580 1491 
 145 231 
 579 231 
 385 218 
 429 549 
 117 733 
 115 185 
 227 1405 
 577 326 
 675 1060 
 364 116 
 101 1360 
 181 744 
 691 1881 
 140 801 
 675 1767 
 334 1400 
 722 1821 
 658 862 
 558 735 
 17 898 
 356 1524 
 577 349 
 693 1284 
 140 1270 
 693 1676 
 690 1223 
 503 1153 
 236 785 
 316 184 
 400 304 
 220 1348 
 96 1282 
 145 302 
 393 572 
 490 238 
 675 1086 
 140 1126 
 580 269 
 345 1046 
 117 743 
 159 718 
 17 1654 
 147 122 
 722 1911 
 675 482 
 344 469 
 311 115 
 358 677 
 140 346 
 169 115 
 684 302 
 649 235 
 722 341 
 531 238 
 693 915 
 252 345 
 510 1527 
 458 894 
 675 52 
 364 304 
 684 735 
 580 612 
 152 693 
 580 1706 
 684 122 
 213 744 
 494 1779 
 353 718 
 693 1884 
 58 115 
 458 895 
 252 1243 
 675 336 
 718 1506 
 691 427 
 493 1043 
 529 744 
 556 637 
 578 354 
 149 733 
 580 147 
 502 304 
 381 504 
 146 39 
 693 1126 
 131 1736 
 140 1852 
 693 1307 
 558 116 
 90 1212 
 400 122 
 546 1620 
 7 492 
 650 1803 
 393 143 
 638 1311 
 231 1361 
 566 231 
 691 431 
 400 115 
 675 1881 
 693 1830 
 148 1212 
 369 1109 
 693 346 
 657 1524 
 279 925 
 63 238 
 436 1668 
 341 122 
 117 718 
 311 238 
 87 231 
 495 115 
 660 823 
 662 1554 
 577 1590 
 650 4 
 580 1884 
 605 894 
 181 1524 
 570 122 
 668 733 
 580 1901 
 675 1891 
 580 1763 
 577 1844 
 152 549 
 693 1426 
 188 602 
 328 639 
 93 686 
 186 203 
 389 895 
 675 1364 
 348 1669 
 140 424 
 693 349 
 569 59 
 577 1665 
 496 966 
 722 887 
 684 733 
 96 1665 
 488 733 
 693 888 
 350 231 
 609 785 
 577 355 
 271 718 
 420 718 
 683 182 
 395 122 
 580 1844 
 695 385 
 210 529 
 722 1032 
 675 1257 
 129 1673 
 210 641 
 507 1524 
 577 340 
 693 1068 
 662 345 
 145 122 
 354 1046 
 693 1748 
 580 341 
 413 1046 
 280 1583 
 724 397 
 675 428 
 177 582 
 385 1243 
 693 1881 
 280 302 
 301 115 
 722 348 
 353 302 
 698 184 
 366 677 
 580 427 
 96 1636 
 493 309 
 350 1292 
 482 532 
 254 116 
 691 854 
 722 1034 
 134 302 
 580 24 
 580 214 
 210 685 
 693 1897 
 96 1305 
 340 1669 
 504 895 
 60 677 
 381 501 
 138 235 
 261 116 
 132 122 
 730 718 
 398 693 
 667 231 
 691 1606 
 654 363 
 728 447 
 395 744 
 7 750 
 722 1706 
 371 1668 
 380 1243 
 393 761 
 159 733 
 152 115 
 301 1053 
 65 1668 
 33 185 
 210 323 
 140 103 
 728 574 
 675 1295 
 96 1725 
 96 1060 
 694 742 
 485 1870 
 675 447 
 41 399 
 80 718 
 366 380 
 577 1086 
 691 1862 
 182 718 
 577 1091 
 179 116 
 140 817 
 37 689 
 152 302 
 312 693 
 238 231 
 580 555 
 577 1881 
 722 40 
 319 1361 
 691 1362 
 144 501 
 362 898 
 175 823 
 726 492 
 279 1397 
 384 655 
 140 1901 
 475 115 
 17 895 
 502 795 
 236 386 
 152 231 
 80 1524 
 555 1549 
 675 1678 
 173 1361 
 493 744 
 136 926 
 210 447 
 472 549 
 580 152 
 60 238 
 580 1572 
 158 302 
 229 1524 
 153 361 
 515 1777 
 311 231 
 693 1069 
 675 355 
 722 529 
 675 346 
 38 39 
 183 1534 
 501 1550 
 566 733 
 675 28 
 693 1032 
 140 574 
 185 703 
 213 707 
 210 1193 
 126 122 
 685 1668 
 580 479 
 210 1572 
 210 817 
 725 1665 
 577 1706 
 408 1360 
 387 39 
 76 39 
 728 355 
 577 1491 
 290 609 
 98 735 
 35 1121 
 252 1365 
 677 116 
 675 1594 
 595 1243 
 78 1029 
 140 28 
 140 733 
 580 149 
 691 1548 
 543 304 
 494 81 
 675 340 
 592 1280 
 658 733 
 301 580 
 532 639 
 210 851 
 570 39 
 468 693 
 168 928 
 580 1786 
 580 70 
 580 492 
 96 211 
 513 1668 
 722 1769 
 657 167 
 577 1270 
 511 122 
 42 1524 
 159 231 
 328 1524 
 463 1361 
 580 1769 
 728 1156 
 253 1673 
 346 1360 
 275 231 
 224 320 
 693 1101 
 418 602 
 662 492 
 252 888 
 257 747 
 637 1194 
 495 39 
 270 722 
 459 1209 
 631 1673 
 185 1183 
 577 1594 
 158 231 
 691 817 
 693 1138 
 577 446 
 689 1520 
 577 1364 
 502 1043 
 63 363 
 693 1641 
 177 1861 
 643 115 
 528 639 
 547 505 
 303 361 
 291 116 
 368 1630 
 26 1216 
 693 431 
 473 115 
 405 1360 
 358 39 
 210 1752 
 580 865 
 244 231 
 675 487 
 724 298 
 281 115 
 48 1429 
 580 1835 
 663 397 
 329 1361 
 580 1567 
 163 361 
 728 1665 
 204 637 
 60 733 
 392 39 
 59 1524 
 140 1299 
 658 1589 
 566 743 
 516 115 
 580 1278 
 64 580 
 696 39 
 400 116 
 296 302 
 169 733 
 693 1086 
 159 735 
 145 238 
 217 1397 
 400 713 
 117 116 
 261 39 
 650 1125 
 148 1209 
 354 488 
 346 1361 
 677 823 
 497 116 
 581 130 
 159 302 
 289 1454 
 728 915 
 196 1473 
 726 1417 
 377 1533 
 436 1669 
 113 231 
 684 116 
 99 302 
 268 1046 
 571 1673 
 429 677 
 691 1572 
 122 238 
 210 449 
 580 903 
 722 1884 
 311 1524 
 210 428 
 443 59 
 533 302 
 423 703 
 22 733 
 271 1524 
 693 817 
 652 1669 
 96 108 
 549 1046 
 662 1126 
 617 898 
 433 1679 
 543 744 
 449 1807 
 192 39 
 693 492 
 693 439 
 411 733 
 80 115 
 722 548 
 472 1311 
 488 862 
 471 501 
 580 1855 
 455 1668 
 639 238 
 691 1306 
 140 1548 
 379 1669 
 275 677 
 542 1243 
 300 304 
 121 677 
 161 285 
 313 115 
 96 1156 
 297 1043 
 63 185 
 252 1638 
 577 103 
 662 326 
 171 894 
 158 1524 
 693 1706 
 140 426 
 496 1635 
 580 1743 
 252 1904 
 344 806 
 167 1871 
 252 1300 
 220 76 
 126 115 
 577 347 
 675 888 
 327 1775 
 653 1360 
 691 877 
 695 1212 
 693 555 
 323 1738 
 691 1417 
 288 39 
 580 359 
 145 735 
 577 923 
 145 733 
 546 898 
 327 894 
 140 961 
 149 302 
 693 1553 
 472 115 
 200 39 
 281 304 
 178 238 
 722 217 
 210 946 
 662 1305 
 182 238 
 94 735 
 333 231 
 691 888 
 187 238 
 151 294 
 26 75 
 675 149 
 662 346 
 270 361 
 657 238 
 214 1417 
 662 1141 
 96 1881 
 509 469 
 104 304 
 675 915 
 311 735 
 361 1043 
 577 1852 
 144 504 
 577 428 
 515 733 
 23 126 
 366 231 
 61 735 
 546 1243 
 275 238 
 168 932 
 567 718 
 96 1793 
 182 115 
 207 1401 
 60 116 
 321 1243 
 580 55 
 104 744 
 580 446 
 113 744 
 64 1673 
 722 801 
 657 231 
 60 718 
 20 1630 
 693 1296 
 96 1879 
 185 361 
 271 39 
 22 1524 
 311 1589 
 319 185 
 210 1126 
 117 1405 
 488 238 
 488 1043 
 193 1817 
 96 1091 
 345 1043 
 140 427 
 152 718 
 173 386 
 675 446 
 515 1524 
 139 238 
 360 114 
 210 548 
 675 1757 
 140 1553 
 675 851 
 675 344 
 675 1706 
 657 115 
 103 1043 
 511 718 
 693 55 
 131 693 
 546 719 
 41 1243 
 440 386 
 5 1051 
 261 115 
 730 39 
 693 70 
 96 801 
 244 238 
 401 122 
 675 343 
 577 1866 
 140 52 
 693 149 
 311 744 
 216 733 
 693 1585 
 691 492 
 558 718 
 354 1153 
 696 718 
 127 1473 
 41 1534 
 577 1567 
 722 21 
 580 1069 
 140 344 
 579 302 
 580 426 
 96 355 
 280 361 
 140 630 
 281 1167 
 335 302 
 26 232 
 580 1302 
 96 1723 
 675 1572 
 273 1532 
 691 446 
 691 915 
 567 302 
 220 1243 
 271 735 
 464 1675 
 96 341 
 649 497 
 64 786 
 182 1043 
 289 942 
 132 116 
 577 1302 
 580 1661 
 58 718 
 459 1212 
 220 1292 
 675 574 
 182 735 
 99 122 
 691 1759 
 396 1046 
 668 231 
 449 1852 
 454 1186 
 241 39 
 580 1259 
 643 744 
 675 492 
 677 304 
 637 1102 
 641 302 
 350 123 
 29 1046 
 722 1725 
 577 888 
 185 231 
 163 898 
 289 1448 
 577 564 
 695 384 
 401 238 
 580 548 
 96 102 
 580 215 
 580 685 
 693 62 
 421 669 
 690 298 
 722 1724 
 76 744 
 693 1156 
 37 1243 
 395 718 
 580 1535 
 136 1673 
 216 238 
 26 1330 
 577 343 
 546 1590 
 179 744 
 210 915 
 210 1821 
 140 555 
 121 898 
 426 1397 
 333 238 
 372 1361 
 140 326 
 691 1665 
 580 854 
 400 744 
 558 743 
 159 1405 
 141 1883 
 153 363 
 390 1578 
 531 1524 
 693 1306 
 679 35 
 316 894 
 188 584 
 210 1279 
 193 498 
 710 1684 
 675 1593 
 429 719 
 59 735 
 662 1086 
 99 744 
 530 1046 
 207 1448 
 726 447 
 693 1536 
 182 302 
 546 602 
 693 1724 
 210 346 
 691 1107 
 113 733 
 528 489 
 577 1391 
 657 839 
 140 492 
 578 1793 
 678 1405 
 658 304 
 440 1361 
 140 446 
 53 1524 
 502 231 
 551 719 
 693 1759 
 722 166 
 200 735 
 693 548 
 227 302 
 693 480 
 127 1010 
 731 115 
 377 540 
 580 102 
 35 1779 
 447 1668 
 401 744 
 580 28 
 580 817 
 281 1524 
 728 1752 
 200 304 
 210 1417 
 151 498 
 104 498 
 401 116 
 558 238 
 484 1530 
 691 564 
 577 1126 
 662 1678 
 96 564 
 723 811 
 577 1661 
 134 1668 
 482 1807 
 182 733 
 490 122 
 580 1566 
 169 302 
 131 211 
 613 1524 
 96 1751 
 693 482 
 96 888 
 140 1555 
 70 1673 
 580 99 
 546 1010 
 200 743 
 261 1405 
 580 1898 
 261 1046 
 675 212 
 261 302 
 199 1360 
 63 366 
 591 1280 
 311 718 
 141 414 
 577 913 
 691 69 
 578 1163 
 546 218 
 26 329 
 121 693 
 551 1280 
 73 185 
 210 1308 
 152 122 
 210 1548 
 252 218 
 275 255 
 723 1554 
 580 480 
 580 1306 
 254 39 
 640 1405 
 675 427 
 693 801 
 210 1767 
 252 69 
 466 115 
 693 1186 
 149 238 
 55 580 
 520 231 
 580 211 
 691 452 
 722 1752 
 507 231 
 577 1636 
 524 895 
 425 956 
 140 1292 
 693 1700 
 693 1362 
 178 76 
 58 231 
 69 238 
 579 304 
 60 380 
 567 114 
 666 1524 
 232 231 
 423 1573 
 472 238 
 516 116 
 364 489 
 580 1101 
 675 326 
 580 1711 
 429 733 
 117 115 
 488 302 
 691 1172 
 729 320 
 675 1590 
 252 555 
 482 167 
 140 651 
 96 1763 
 178 115 
 631 1473 
 90 1401 
 140 1417 
 143 501 
 493 795 
 141 929 
 675 1440 
 99 1405 
 207 1400 
 146 733 
 210 913 
 96 28 
 693 102 
 677 231 
 580 574 
 591 1173 
 23 125 
 140 1141 
 148 1401 
 522 1112 
 507 1534 
 511 1524 
 238 238 
 691 21 
 182 1524 
 613 238 
 469 956 
 233 1524 
 281 122 
 731 122 
 663 1223 
 214 1524 
 179 39 
 533 733 
 580 482 
 693 1566 
 301 1583 
 686 318 
 169 116 
 389 1669 
 493 1524 
 461 634 
 710 1635 
 15 1410 
 117 1524 
 120 1524 
 328 363 
 140 348 
 609 1533 
 168 231 
 340 719 
 364 231 
 350 304 
 678 1524 
 693 89 
 113 302 
 547 501 
 342 116 
 252 323 
 662 555 
 26 1331 
 472 1405 
