 291 738 
 232 1532 
 366 380 
 579 736 
 722 612 
 497 744 
 152 302 
 210 1124 
 369 1123 
 158 733 
 358 323 
 488 718 
 684 738 
 546 719 
 472 549 
 688 744 
 543 301 
 669 1837 
 722 1745 
 658 581 
 348 1669 
 511 830 
 507 242 
 693 419 
 261 1044 
 216 744 
 324 1668 
 580 574 
 528 489 
 466 122 
 210 1629 
 291 231 
 329 1360 
 127 1473 
 185 1043 
 640 1405 
 367 926 
 271 740 
 17 1654 
 560 830 
 95 1667 
 323 1738 
 249 244 
 675 1302 
 236 786 
 280 301 
 708 1668 
 395 303 
 210 1300 
 693 685 
 196 244 
 463 1360 
 580 448 
 577 212 
 280 738 
 474 1447 
 502 185 
 185 703 
 449 1807 
 229 1526 
 43 734 
 474 751 
 121 244 
 210 434 
 54 1112 
 693 1676 
 675 326 
 507 238 
 667 733 
 21 1010 
 579 743 
 59 1589 
 580 216 
 494 830 
 261 1583 
 570 738 
 543 739 
 580 961 
 134 1670 
 234 1669 
 280 740 
 64 862 
 728 1859 
 715 244 
 98 733 
 693 564 
 725 352 
 178 244 
 693 1590 
 675 347 
 613 738 
 104 741 
 291 305 
 59 301 
 96 1305 
 76 739 
 210 1665 
 577 1759 
 145 741 
 254 238 
 140 1301 
 61 220 
 247 1311 
 152 301 
 580 1296 
 78 1029 
 577 487 
 493 182 
 691 1391 
 497 354 
 252 820 
 676 718 
 133 301 
 241 244 
 350 306 
 155 122 
 210 293 
 96 867 
 140 1034 
 244 238 
 140 854 
 693 1793 
 693 1718 
 96 1859 
 580 765 
 140 608 
 168 220 
 15 1410 
 722 70 
 113 733 
 117 1405 
 281 739 
 657 1046 
 319 399 
 227 39 
 496 581 
 60 735 
 502 1523 
 224 318 
 280 284 
 353 718 
 429 719 
 140 1292 
 381 1350 
 247 830 
 693 1417 
 254 231 
 657 839 
 691 1769 
 164 738 
 168 1532 
 473 115 
 715 250 
 421 669 
 417 238 
 200 743 
 457 122 
 647 1361 
 210 344 
 579 1405 
 722 1585 
 335 677 
 210 431 
 662 204 
 129 839 
 577 1598 
 83 1639 
 316 895 
 580 440 
 658 1045 
 580 97 
 131 212 
 227 738 
 697 231 
 675 446 
 693 1606 
 210 1858 
 507 830 
 124 250 
 220 1348 
 728 99 
 469 955 
 254 744 
 412 734 
 728 1300 
 98 1243 
 609 804 
 53 1522 
 281 718 
 579 744 
 177 582 
 364 744 
 691 816 
 580 480 
 80 116 
 158 39 
 366 1522 
 216 830 
 140 1554 
 510 1527 
 77 498 
 658 1589 
 23 126 
 233 718 
 252 1581 
 210 851 
 211 380 
 64 182 
 210 149 
 693 1536 
 156 501 
 196 116 
 542 1243 
 570 1522 
 497 1524 
 72 489 
 497 66 
 261 739 
 395 118 
 675 212 
 693 355 
 220 1243 
 527 303 
 580 209 
 64 225 
 185 1522 
 96 102 
 182 115 
 169 302 
 155 118 
 41 1534 
 214 116 
 220 1291 
 577 1417 
 639 738 
 693 888 
 377 932 
 367 639 
 387 1523 
 181 830 
 318 1399 
 369 81 
 76 231 
 360 474 
 675 52 
 181 739 
 231 1361 
 580 212 
 722 426 
 296 302 
 722 269 
 121 220 
 722 1034 
 104 219 
 96 448 
 677 244 
 110 219 
 282 1687 
 48 1154 
 482 412 
 423 361 
 238 302 
 167 295 
 472 1405 
 303 1153 
 511 115 
 356 830 
 693 1271 
 321 804 
 391 1532 
 547 502 
 580 1303 
 300 231 
 401 305 
 577 1638 
 64 301 
 69 830 
 275 301 
 370 250 
 252 487 
 104 718 
 42 739 
 384 572 
 507 231 
 490 122 
 195 1684 
 145 736 
 168 739 
 210 1706 
 182 1154 
 675 69 
 278 1584 
 210 323 
 319 363 
 63 1046 
 71 1670 
 495 118 
 724 397 
 692 739 
 96 608 
 529 301 
 281 225 
 497 116 
 140 1291 
 233 39 
 169 1523 
 384 655 
 133 219 
 311 220 
 400 733 
 728 351 
 662 1554 
 722 1193 
 358 39 
 580 70 
 447 1669 
 547 505 
 275 677 
 306 220 
 35 182 
 263 702 
 216 118 
 152 549 
 96 211 
 214 830 
 288 225 
 578 354 
 691 1906 
 728 867 
 80 225 
 580 135 
 390 1578 
 691 52 
 76 738 
 566 830 
 482 1693 
 637 1102 
 472 238 
 22 1523 
 662 1033 
 350 1186 
 216 116 
 502 740 
 712 1362 
 223 78 
 96 212 
 140 496 
 401 1524 
 182 1523 
 181 1473 
 254 733 
 421 862 
 134 1668 
 691 685 
 662 103 
 693 349 
 693 1592 
 200 303 
 175 1397 
 254 738 
 42 1524 
 181 115 
 580 1901 
 466 1523 
 537 1668 
 569 602 
 714 244 
 158 225 
 496 839 
 252 1365 
 507 244 
 136 1914 
 351 804 
 98 238 
 691 923 
 639 304 
 577 1874 
 238 305 
 121 303 
 210 270 
 578 1901 
 78 225 
 693 1593 
 685 1670 
 691 1365 
 155 115 
 177 1861 
 17 898 
 546 354 
 613 1046 
 117 122 
 675 1548 
 201 738 
 216 231 
 468 580 
 174 1155 
 429 1523 
 352 504 
 318 1427 
 183 1243 
 117 734 
 252 1699 
 178 1523 
 482 167 
 348 1670 
 140 1585 
 350 231 
 63 1360 
 59 242 
 252 1491 
 210 1548 
 577 419 
 507 302 
 722 217 
 152 116 
 531 1522 
 393 850 
 649 235 
 662 830 
 312 693 
 328 361 
 455 1668 
 722 1568 
 693 395 
 166 830 
 281 220 
 210 1786 
 353 220 
 580 1847 
 658 302 
 80 1524 
 260 220 
 121 719 
 138 143 
 254 718 
 566 1524 
 319 1029 
 558 744 
 493 1522 
 140 492 
 579 1589 
 158 115 
 281 736 
 261 304 
 333 184 
 464 1675 
 702 225 
 96 564 
 289 898 
 99 303 
 57 1736 
 359 804 
 693 1126 
 140 851 
 677 231 
 214 738 
 350 380 
 179 738 
 319 1524 
 584 244 
 693 1570 
 162 804 
 140 1568 
 693 482 
 675 1767 
 722 1531 
 121 225 
 158 302 
 353 830 
 63 118 
 684 741 
 350 1292 
 567 305 
 300 225 
 511 1405 
 90 1400 
 580 685 
 722 1629 
 675 574 
 364 220 
 693 343 
 233 1523 
 96 555 
 252 1243 
 667 734 
 493 231 
 684 305 
 140 446 
 70 1674 
 159 744 
 59 115 
 279 751 
 551 1868 
 96 1724 
 200 304 
 26 150 
 311 737 
 241 1522 
 580 28 
 335 549 
 475 1861 
 327 441 
 671 303 
 113 225 
 90 1449 
 693 354 
 567 122 
 675 1884 
 104 302 
 281 302 
 464 1674 
 577 427 
 318 1291 
 675 431 
 63 1879 
 173 1360 
 414 244 
 210 99 
 688 304 
 200 122 
 296 225 
 577 817 
 484 572 
 122 733 
 693 1745 
 156 502 
 688 238 
 159 739 
 131 751 
 726 1665 
 693 346 
 214 740 
 634 714 
 147 116 
 261 1154 
 366 1175 
 319 323 
 509 469 
 488 1043 
 17 1909 
 493 1523 
 691 1305 
 693 1426 
 531 225 
 281 303 
 261 1524 
 254 1522 
 290 1670 
 675 341 
 210 69 
 580 89 
 329 1361 
 543 693 
 580 1835 
 398 1534 
 127 1469 
 515 220 
 459 386 
 580 1752 
 39 1401 
 497 413 
 179 225 
 687 1673 
 169 1534 
 566 302 
 210 1572 
 149 304 
 182 496 
 252 1297 
 580 198 
 344 469 
 570 231 
 323 602 
 693 801 
 461 634 
 140 1721 
 159 1405 
 179 1524 
 531 718 
 418 581 
 350 804 
 696 738 
 580 99 
 191 242 
 631 118 
 192 738 
 344 806 
 260 219 
 691 482 
 396 830 
 227 231 
 131 816 
 722 1156 
 454 1186 
 64 156 
 210 1299 
 530 1043 
 580 1362 
 511 739 
 59 830 
 728 1636 
 436 1670 
 104 740 
 658 733 
 360 925 
 99 118 
 414 567 
 140 1124 
 617 693 
 694 1524 
 691 1852 
 418 862 
 637 1194 
 577 1700 
 37 689 
 188 713 
 308 1524 
 64 693 
 353 1705 
 404 244 
 580 1270 
 693 152 
 524 895 
 159 1522 
 157 508 
 113 302 
 117 739 
 133 244 
 140 1786 
 353 304 
 241 242 
 693 1273 
 436 1668 
 658 738 
 580 431 
 529 39 
 192 380 
 297 1046 
 419 830 
 182 1522 
 558 116 
 696 740 
 316 740 
 566 744 
 510 1868 
 260 238 
 311 739 
 337 744 
 417 231 
 529 250 
 437 580 
 182 1043 
 580 924 
 154 231 
 673 1114 
 282 249 
 675 429 
 580 630 
 121 219 
 289 361 
 578 1417 
 261 323 
 675 1126 
 253 301 
 71 1667 
 725 1554 
 399 1355 
 490 677 
 349 1075 
 543 225 
 691 877 
 323 1778 
 395 744 
 445 231 
 677 1154 
 579 304 
 577 1364 
 276 734 
 41 1243 
 354 1807 
 423 639 
 303 639 
 291 116 
 178 238 
 364 238 
 358 677 
 124 244 
 181 737 
 516 1473 
 580 323 
 717 238 
 163 580 
 140 345 
 425 955 
 324 1669 
 677 744 
 210 1641 
 356 1043 
 19 1522 
 227 718 
 685 1667 
 723 811 
 570 302 
 271 302 
 550 250 
 20 713 
 393 144 
 152 1522 
 140 1570 
 657 740 
 401 744 
 254 1524 
 59 231 
 210 1254 
 200 301 
 404 303 
 179 118 
 488 238 
 169 115 
 61 225 
 159 735 
 226 751 
 684 736 
 26 329 
 580 1335 
 229 738 
 129 1523 
 248 1043 
 261 740 
 76 744 
 566 1274 
 340 719 
 402 735 
 570 1524 
 96 431 
 99 1524 
 280 1523 
 369 1121 
 290 1669 
 580 418 
 67 244 
 368 1668 
 580 1851 
 675 1665 
 311 1589 
 564 867 
 429 1522 
 580 482 
 188 602 
 513 1670 
 693 71 
 164 304 
 48 1523 
 354 804 
 121 531 
 303 1524 
 185 744 
 166 862 
 475 118 
 693 1186 
 145 740 
 96 340 
 216 740 
 214 1417 
 472 118 
 353 66 
 296 733 
 675 1706 
 423 1524 
 722 1866 
 693 555 
 678 301 
 580 308 
 139 231 
 210 641 
 335 184 
 117 718 
 414 734 
 196 242 
 80 830 
 319 1064 
 164 718 
 140 877 
 64 303 
 420 830 
 64 1523 
 569 1630 
 280 304 
 691 1678 
 311 740 
 136 926 
 175 862 
 358 231 
 334 1400 
 316 1522 
 699 1524 
 728 608 
 185 303 
 140 555 
 387 741 
 164 303 
 496 898 
 159 718 
 210 354 
 63 703 
 631 115 
 496 1635 
 693 492 
 244 231 
 260 1522 
 658 739 
 429 304 
 132 122 
 185 496 
 59 718 
 60 303 
 643 718 
 280 116 
 533 739 
 693 924 
 78 1522 
 577 851 
 650 1740 
 59 740 
 684 301 
 693 574 
 117 220 
 122 231 
 722 28 
 149 225 
 281 734 
 577 103 
 117 302 
 189 167 
 693 1830 
 529 1523 
 64 1583 
 250 693 
 64 738 
 104 231 
 200 740 
 578 1307 
 691 1572 
 691 1299 
 437 244 
 426 925 
 650 1803 
 722 865 
 558 739 
 405 1291 
 100 1044 
 726 651 
 655 1176 
 348 1668 
 379 1670 
 511 302 
 182 231 
 708 1667 
 67 1029 
 511 116 
 577 1881 
 261 1046 
 691 70 
 497 1445 
 402 744 
 547 500 
 332 59 
 369 1075 
 216 733 
 567 304 
 254 301 
 220 1534 
 96 612 
 60 39 
 96 203 
 468 693 
 200 66 
 140 1035 
 577 1279 
 301 1522 
 693 1553 
 158 718 
 580 496 
 280 364 
 691 1881 
 38 225 
 507 250 
 58 39 
 693 1033 
 263 59 
 367 1582 
 504 1777 
 178 303 
 210 1570 
 347 1360 
 697 238 
 429 733 
 540 883 
 169 1311 
 607 220 
 168 738 
 422 81 
 580 1741 
 445 739 
 145 743 
 662 1034 
 288 739 
 658 839 
 288 738 
 389 1668 
 417 225 
 182 743 
 580 1859 
 182 301 
 64 846 
 159 733 
 577 347 
 254 303 
 152 693 
 284 651 
 693 1107 
 117 303 
 323 580 
 693 293 
 691 1901 
 59 733 
 722 482 
 675 1678 
 422 1075 
 144 501 
 693 854 
 373 255 
 691 1553 
 187 220 
 468 250 
 271 303 
 693 1150 
 185 1184 
 493 738 
 414 250 
 96 801 
 726 29 
 639 302 
 675 851 
 468 255 
 454 751 
 723 1396 
 311 830 
 404 250 
 271 238 
 530 1046 
 252 1670 
 419 739 
 702 238 
 61 302 
 231 1360 
 543 740 
 418 602 
 662 1891 
 497 496 
 516 738 
 350 1044 
 562 738 
 277 115 
 402 736 
 64 740 
 319 185 
 210 428 
 64 744 
 722 867 
 179 114 
 678 118 
 318 1401 
 697 736 
 214 739 
 691 419 
 11 819 
 271 231 
 140 743 
 254 1523 
 580 429 
 23 128 
 354 361 
 717 225 
 662 816 
 677 225 
 64 304 
 244 738 
 113 303 
 723 1554 
 351 894 
 662 340 
 224 320 
 497 303 
 579 305 
 393 572 
 140 739 
 493 118 
 675 1443 
 722 149 
 496 1673 
 413 1046 
 385 1534 
 271 718 
 580 1442 
 607 733 
 393 761 
 546 1620 
 728 323 
 244 1524 
 571 677 
 132 115 
 662 487 
 210 492 
 178 225 
 691 28 
 301 1583 
 210 487 
 342 116 
 193 1509 
 311 302 
 314 1361 
 512 303 
 155 718 
 381 501 
 577 356 
 241 231 
 566 242 
 511 301 
 607 1524 
 684 231 
 660 823 
 323 804 
 515 1523 
 109 1010 
 728 308 
 722 348 
 494 81 
 182 219 
 16 531 
 182 718 
 358 830 
 20 160 
 400 122 
 678 739 
 691 1763 
 173 1361 
 664 1817 
 487 804 
 675 1553 
 151 1369 
 352 502 
 311 1243 
 139 1523 
 140 1107 
 145 220 
 30 242 
 440 1361 
 662 1297 
 577 1091 
 104 118 
 429 301 
 558 242 
 728 574 
 693 418 
 38 231 
 354 1153 
 164 302 
 502 1044 
 138 235 
 356 39 
 693 1004 
 321 218 
 484 1351 
 493 730 
 20 1010 
 179 220 
 693 1844 
 179 231 
 627 1526 
 520 225 
 728 1793 
 674 302 
 527 1523 
 252 867 
 232 238 
 591 1173 
 271 735 
 722 1033 
 472 301 
 97 1046 
 675 149 
 288 736 
 145 305 
 546 115 
 488 1154 
 675 915 
 182 740 
 216 225 
 59 735 
 117 743 
 454 804 
 200 115 
 165 1046 
 677 718 
 140 426 
 96 1295 
 266 830 
 722 1768 
 182 736 
 515 1522 
 168 735 
 693 1101 
 236 785 
 722 1638 
 182 1044 
 730 636 
 675 1156 
 504 1212 
 281 830 
 186 1669 
 658 244 
 238 244 
 216 739 
 238 739 
 693 439 
 580 1440 
 48 702 
 329 280 
 726 854 
 210 442 
 98 735 
 140 442 
 166 1807 
 693 608 
 400 225 
 580 1748 
 61 733 
 131 693 
 169 740 
 693 1304 
 252 1678 
 182 220 
 96 487 
 275 898 
 693 480 
 96 1723 
 580 1548 
 294 1668 
 580 1126 
 515 1524 
 646 894 
 61 303 
 187 231 
 691 867 
 613 225 
 64 185 
 98 739 
 96 293 
 265 492 
 68 380 
 39 1399 
 341 115 
 291 238 
 457 115 
 64 1673 
 580 548 
 58 738 
 422 1109 
 693 1636 
 182 735 
 412 735 
 691 1554 
 61 739 
 643 116 
 252 1524 
 577 1531 
 691 426 
 35 1113 
 516 302 
 316 894 
 291 736 
 113 744 
 275 719 
 482 1662 
 163 496 
 580 1908 
 675 1364 
 59 238 
 524 733 
 502 1524 
 350 713 
 252 1035 
 496 740 
 141 929 
 675 1440 
 675 1193 
 529 1473 
 87 740 
 551 268 
 650 1900 
 96 480 
 318 1428 
 253 1154 
 580 341 
 577 529 
 140 1060 
 662 1669 
 677 303 
 674 303 
 693 18 
 141 1883 
 223 1007 
 578 355 
 580 1751 
 185 738 
 607 738 
 662 1126 
 582 1175 
 98 744 
 440 386 
 684 220 
 401 1523 
 210 1086 
 168 1243 
 369 1779 
 693 336 
 693 1741 
 179 830 
 713 718 
 182 305 
 679 942 
 543 305 
 234 1670 
 387 1522 
 182 114 
 291 867 
 220 323 
 169 738 
 96 1706 
 354 1046 
 691 21 
 311 231 
 210 1763 
 617 677 
 517 130 
 140 740 
 280 185 
 313 116 
 411 735 
 502 1043 
 677 733 
 261 744 
 722 1884 
 300 498 
 675 887 
 99 39 
 725 581 
 722 1426 
 168 733 
 24 118 
 229 719 
 186 203 
 580 226 
 64 1252 
 667 735 
 152 39 
 33 185 
 675 1270 
 579 244 
 63 1524 
 577 1852 
 577 1750 
 515 1777 
 273 303 
 702 184 
 361 1046 
 271 1523 
 330 1361 
 227 238 
 168 928 
 482 399 
 318 693 
 157 515 
 677 823 
 64 1914 
 196 118 
 722 1297 
 675 345 
 36 830 
 348 1667 
 662 1035 
 20 677 
 122 220 
 319 203 
 389 1669 
 511 238 
 364 231 
 577 1107 
 497 1604 
 210 529 
 677 830 
 502 738 
 401 489 
 484 1530 
 200 734 
 19 830 
 332 117 
 693 1768 
 696 225 
 691 428 
 20 483 
 690 298 
 385 739 
 280 1153 
 200 737 
 643 1807 
 140 1823 
 354 1044 
 577 1302 
 722 166 
 516 580 
 185 1524 
 96 1879 
 580 1852 
 96 1751 
 580 915 
 670 1273 
 210 1699 
 121 677 
 722 1362 
 126 116 
 662 1141 
 725 851 
 580 1884 
 104 225 
 96 341 
 99 733 
 662 1699 
 558 1522 
 104 238 
 121 250 
 692 738 
 254 1154 
 244 742 
 662 492 
 158 744 
 289 1454 
 668 231 
 475 39 
 398 693 
 59 743 
 246 620 
 289 719 
 728 1665 
 169 118 
 691 555 
 192 302 
 330 1776 
 558 305 
 533 734 
 270 361 
 320 1524 
 475 122 
 691 801 
 316 1523 
 311 733 
 236 370 
 109 1573 
 61 305 
 414 738 
 364 116 
 164 122 
 17 895 
 136 1807 
 546 1522 
 80 1523 
 64 1044 
 531 1046 
 722 472 
 316 184 
 333 238 
 529 242 
 580 1585 
 201 830 
 693 211 
 327 1775 
 154 1522 
 657 1813 
 263 1154 
 103 830 
 140 1463 
 678 116 
 691 427 
 96 1138 
 591 1280 
 175 116 
 125 1353 
 516 830 
 354 363 
 280 303 
 612 718 
 458 231 
 580 1678 
 294 1669 
 271 830 
 60 718 
 497 1043 
 182 1532 
 731 740 
 580 449 
 580 1101 
 558 118 
 577 351 
 580 851 
 667 718 
 240 890 
 159 740 
 140 1126 
 178 76 
 691 876 
 64 1154 
 65 1667 
 182 118 
 220 1807 
 186 1361 
 227 303 
 691 1308 
 507 738 
 472 303 
 64 730 
 99 116 
 291 743 
 662 1665 
 693 351 
 422 35 
 210 1678 
 497 231 
 163 284 
 577 1270 
 693 1124 
 666 1522 
 179 744 
 580 105 
 94 734 
 353 740 
 101 484 
 558 738 
 691 1004 
 109 1522 
 244 39 
 300 734 
 580 1034 
 280 66 
 210 70 
 580 1107 
 61 740 
 301 39 
 59 219 
 566 739 
 567 118 
 254 1043 
 558 303 
 537 1670 
 688 734 
 722 1852 
 533 219 
 580 350 
 313 118 
 334 1401 
 650 4 
 152 118 
 165 830 
 96 1491 
 145 303 
 567 738 
 684 744 
 639 744 
 580 1300 
 327 895 
 622 502 
 340 1667 
 200 244 
 722 1440 
 693 434 
 280 354 
 284 326 
 371 1668 
 258 414 
 722 1769 
 493 744 
 502 39 
 140 347 
 22 733 
 536 244 
 472 1311 
 667 115 
 531 739 
 472 740 
 140 326 
 117 738 
 341 116 
 281 1044 
 613 639 
 268 39 
 577 1849 
 140 817 
 288 219 
 580 358 
 693 1700 
 151 498 
 493 303 
 675 608 
 493 185 
 226 466 
 98 301 
 580 1823 
 580 1556 
 696 1523 
 668 225 
 546 740 
 311 238 
 540 371 
 577 1553 
 580 1590 
 667 305 
 726 851 
 48 1522 
 722 1391 
 555 1550 
 704 1204 
 158 303 
 37 804 
 232 220 
 463 785 
 186 231 
 30 244 
 291 734 
 429 955 
 158 238 
 570 122 
 164 301 
 580 1299 
 570 739 
 393 143 
 105 242 
 682 1046 
 493 496 
 216 1576 
 580 1606 
 210 447 
 362 898 
 405 1776 
 136 1010 
 238 238 
 210 1901 
 691 449 
 613 303 
 725 1665 
 722 1335 
 260 225 
 273 738 
 291 737 
 445 738 
 134 225 
 252 1396 
 145 830 
 693 496 
 440 1868 
 619 804 
 466 116 
 96 1665 
 556 637 
 252 1086 
 425 956 
 722 1304 
 217 925 
 311 304 
 401 118 
 315 718 
 367 783 
 299 386 
 580 1443 
 366 677 
 328 365 
 175 823 
 577 1661 
 299 1360 
 64 1524 
 96 350 
 711 730 
 311 242 
 722 774 
 652 804 
 63 1522 
 580 946 
 472 115 
 638 1311 
 72 301 
 345 830 
 543 304 
 179 39 
 96 685 
 531 830 
 545 250 
 140 52 
 178 115 
 96 1299 
 42 220 
 236 693 
 429 498 
 546 862 
 358 242 
 113 301 
 291 739 
 99 739 
 728 355 
 96 1270 
 691 1699 
 580 817 
 580 204 
 538 1473 
 210 356 
 185 185 
 87 231 
 558 244 
 201 302 
 533 302 
 381 504 
 577 608 
 531 1524 
 502 1583 
 537 1667 
 37 1243 
 580 18 
 658 304 
 222 1360 
 578 1163 
 163 1210 
 280 1046 
 684 1523 
 684 242 
 501 1550 
 96 854 
 577 1832 
 341 122 
 471 502 
 497 740 
 577 1536 
 96 1725 
 58 238 
 78 1523 
 185 380 
 24 115 
 291 301 
 696 718 
 58 740 
 504 1668 
 507 1524 
 722 359 
 76 39 
 61 735 
 567 301 
 653 1361 
 321 928 
 210 817 
 502 795 
 580 426 
 546 531 
 380 741 
 490 738 
 68 609 
 708 1670 
 405 280 
 291 804 
 722 801 
 399 1354 
 199 443 
 308 301 
 129 220 
 318 1429 
 17 894 
 181 225 
 497 1605 
 731 303 
 194 1280 
 252 1667 
 693 103 
 60 744 
 236 1868 
 233 1524 
 140 208 
 558 39 
 420 718 
 675 1874 
 677 118 
 64 266 
 580 1638 
 210 888 
 332 1291 
 580 1193 
 311 225 
 148 1668 
 457 1473 
 387 39 
 675 1257 
 516 733 
 693 1034 
 579 1524 
 298 804 
 558 301 
 488 231 
 64 244 
 722 1911 
 722 147 
 667 116 
 497 115 
 381 502 
 280 496 
 580 1786 
 207 1399 
 675 487 
 350 244 
 96 442 
 60 238 
 527 718 
 459 830 
 495 1523 
 727 1519 
 668 238 
 493 1583 
 402 219 
 96 1699 
 311 115 
 182 302 
 693 1066 
 430 1397 
 368 370 
 182 1705 
 678 740 
 185 361 
 693 1069 
 472 231 
 368 1868 
 693 1897 
 280 830 
 693 1866 
 691 492 
 185 677 
 99 238 
 675 914 
 693 1365 
 671 244 
 146 39 
 579 238 
 280 363 
 580 1844 
 580 1566 
 722 71 
 182 304 
 731 741 
 104 734 
 675 1570 
 319 361 
 400 740 
 187 238 
 66 1511 
 140 1086 
 152 830 
 90 1401 
 577 1210 
 271 1522 
 138 804 
 291 740 
 74 1534 
 182 1046 
 275 250 
 693 447 
 179 718 
 502 304 
 675 1759 
 502 302 
 580 334 
 577 867 
 238 735 
 210 1793 
 543 231 
 227 302 
 580 343 
 414 735 
 466 118 
 580 346 
 113 737 
 330 1868 
 71 1668 
 145 733 
 200 1589 
 308 718 
 96 1548 
 450 792 
 570 115 
 83 1529 
 356 303 
 438 609 
 252 555 
 280 118 
 164 225 
 186 1522 
 580 1060 
 660 830 
 99 302 
 516 740 
 254 1046 
 400 744 
 577 1706 
 358 1524 
 273 740 
 280 1524 
 443 1777 
 677 735 
 158 304 
 693 1585 
 275 231 
 198 1799 
 582 1870 
 149 734 
 291 115 
 693 1666 
 222 1361 
 271 301 
 179 540 
 210 946 
 386 1355 
 300 305 
 63 361 
 580 547 
 662 349 
 396 1043 
 401 122 
 63 182 
 140 1299 
 238 1405 
 61 304 
 239 220 
 140 447 
 254 39 
 252 1300 
 168 932 
 670 1267 
 80 738 
 693 1068 
 58 122 
 695 389 
 577 340 
 35 602 
 358 1523 
 613 1044 
 497 1046 
 273 231 
 722 576 
 577 946 
 163 898 
 199 1361 
 96 913 
 477 59 
 200 830 
 607 737 
 677 738 
 179 122 
 319 925 
 697 225 
 577 1554 
 684 718 
 528 315 
 722 1859 
 667 304 
 533 301 
 210 341 
 691 1598 
 429 956 
 454 1879 
 358 496 
 145 735 
 580 217 
 577 1585 
 288 718 
 371 1667 
 300 302 
 158 1524 
 459 1209 
 472 116 
 300 304 
 678 744 
 99 305 
 101 1361 
 395 718 
 657 1044 
 117 304 
 675 102 
 691 1107 
 577 913 
 496 301 
 121 242 
 52 363 
 129 219 
 402 122 
 722 641 
 140 1767 
 261 225 
 178 605 
 117 114 
 578 1305 
 271 739 
 158 301 
 159 115 
 358 244 
 364 738 
 261 1523 
 488 733 
 59 305 
 675 492 
 580 442 
 693 1724 
 364 489 
 675 346 
 490 231 
 354 639 
 181 744 
 214 225 
 529 744 
 321 1534 
 227 739 
 655 730 
 328 1533 
 411 734 
 502 303 
 395 115 
 72 703 
 214 118 
 299 1361 
 169 1522 
 408 1360 
 580 1222 
 556 1673 
 384 664 
 580 149 
 61 301 
 7 750 
 502 830 
 214 122 
 156 500 
 377 1533 
 210 913 
 214 1524 
 580 344 
 538 830 
 639 231 
 675 354 
 280 1583 
 466 39 
 192 830 
 59 302 
 389 895 
 650 1902 
 580 447 
 161 1360 
 261 122 
 485 1523 
 607 219 
 691 1866 
 730 830 
 104 301 
 96 1763 
 122 738 
 290 1667 
 271 738 
 152 718 
 684 1589 
 393 1357 
 456 925 
 577 1597 
 28 184 
 678 718 
 213 707 
 678 1405 
 691 1634 
 148 1777 
 181 1029 
 318 1449 
 139 219 
 252 1904 
 421 167 
 472 39 
 281 219 
 710 1684 
 558 733 
 497 122 
 661 830 
 693 1548 
 280 1044 
 691 1862 
 229 734 
 691 1417 
 64 718 
 61 238 
 360 830 
 240 1180 
 26 1336 
 577 326 
 288 39 
 122 225 
 350 303 
 333 225 
 368 1630 
 99 1469 
 395 225 
 67 242 
 276 740 
 691 1491 
 61 738 
 186 1360 
 692 956 
 693 915 
 227 122 
 200 739 
 168 238 
 662 1086 
 459 385 
 577 21 
 533 735 
 117 1522 
 511 738 
 297 1154 
 643 225 
 145 744 
 658 238 
 229 830 
 502 932 
 96 1767 
 722 1752 
 711 713 
 300 830 
 38 238 
 577 1763 
 241 739 
 578 1793 
 186 1668 
 181 116 
 570 1523 
 204 39 
 239 219 
 458 894 
 475 830 
 592 1868 
 35 1075 
 546 1010 
 343 793 
 319 488 
 580 1364 
 182 830 
 210 1723 
 368 1361 
 216 122 
 639 733 
 543 302 
 453 306 
 495 225 
 159 231 
 141 414 
 42 718 
 400 302 
 148 895 
 677 301 
 291 244 
 253 830 
 290 609 
 152 238 
 641 303 
 658 744 
 698 184 
 609 1533 
 105 244 
 546 1495 
 210 1308 
 121 898 
 99 225 
 675 449 
 280 1360 
 675 1891 
 728 487 
 291 735 
 121 231 
 76 303 
 18 702 
 43 737 
 580 1571 
 182 225 
 181 736 
 723 851 
 663 397 
 347 739 
 273 400 
 58 830 
 730 220 
 59 118 
 401 114 
 330 1360 
 607 231 
 117 116 
 133 220 
 722 1555 
 495 116 
 182 303 
 366 225 
 662 1491 
 511 231 
 276 738 
 244 225 
 580 576 
 613 1523 
 179 1522 
 168 219 
 580 1665 
 261 830 
 244 303 
 99 301 
 122 301 
 675 867 
 248 1044 
 159 1524 
 578 323 
 675 99 
 99 830 
 76 225 
 296 238 
 577 102 
 497 1522 
 289 1654 
 722 18 
 580 419 
 168 225 
 159 225 
 281 496 
 691 1300 
 497 225 
 413 1044 
 139 1522 
 655 266 
 342 115 
 216 1522 
 152 744 
 562 740 
 693 1657 
 577 204 
 613 1524 
 175 830 
 577 1793 
 159 301 
 516 1522 
 337 303 
 98 734 
 78 738 
 718 1537 
 675 1531 
 281 743 
 210 1417 
 722 887 
 207 1448 
 727 1520 
 468 244 
 693 487 
 261 496 
 570 744 
 451 1870 
 127 739 
 73 182 
 662 1606 
 728 685 
 577 1124 
 693 208 
 580 24 
 440 1360 
 731 738 
 60 738 
 496 738 
 48 1807 
 143 503 
 488 738 
 238 718 
 684 1524 
 689 1519 
 577 1592 
 722 529 
 427 242 
 522 1112 
 319 238 
 142 185 
 695 1212 
 139 115 
 722 1420 
 728 447 
 566 116 
 676 184 
 35 1121 
 658 862 
 311 219 
 239 830 
 577 354 
 667 744 
 695 1210 
 104 744 
 301 225 
 210 867 
 693 348 
 73 185 
 558 734 
 364 118 
 722 351 
 529 740 
 83 460 
 252 1668 
 580 1834 
 490 115 
 693 1305 
 33 925 
 53 740 
 99 114 
 182 116 
 580 1759 
 59 220 
 353 116 
 343 792 
 693 1302 
 196 1473 
 657 115 
 722 1107 
 684 735 
 688 302 
 416 1361 
 140 69 
 566 220 
 321 1243 
 722 912 
 642 302 
 692 955 
 533 744 
 567 115 
 200 220 
 684 116 
 607 736 
 693 817 
 314 1360 
 261 250 
 722 815 
 488 116 
 675 496 
 140 1706 
 675 801 
 127 830 
 516 122 
 558 737 
 305 278 
 722 1172 
 690 1223 
 693 148 
 580 813 
 345 1154 
 580 1718 
 722 1554 
 347 740 
 468 242 
 149 303 
 505 929 
 496 380 
 17 1599 
 691 1306 
 153 363 
 154 1524 
 580 1091 
 210 548 
 722 1723 
 662 1124 
 691 1786 
 151 294 
 528 751 
 64 118 
 474 1446 
 379 1669 
 163 751 
 122 303 
 570 740 
 76 718 
 17 795 
 366 488 
 297 1043 
 427 244 
 550 39 
 163 354 
 254 739 
 650 3 
 577 1303 
 96 1091 
 210 1060 
 693 1035 
 615 76 
 65 1670 
 163 115 
 141 1668 
 675 356 
 414 733 
 63 76 
 577 226 
 693 641 
 271 1524 
 675 1606 
 216 238 
 175 1473 
 580 913 
 678 735 
 159 830 
 72 1620 
 30 250 
 580 830 
 730 66 
 691 1364 
 273 822 
 691 448 
 140 344 
 670 1268 
 662 447 
 98 740 
 713 115 
 104 303 
 158 740 
 657 303 
 696 739 
 728 801 
 131 209 
 529 830 
 650 1701 
 722 1257 
 280 231 
 580 905 
 549 1046 
 259 1446 
 63 1043 
 684 304 
 115 581 
 511 744 
 301 489 
 181 1523 
 134 303 
 328 363 
 564 323 
 546 830 
 42 39 
 211 1360 
 464 1673 
 546 1167 
 485 1870 
 667 1522 
 693 350 
 236 1343 
 318 739 
 402 733 
 380 830 
 713 118 
 488 302 
 261 231 
 185 363 
 140 1572 
 693 347 
 370 242 
 504 1209 
 577 685 
 72 804 
 194 1871 
 59 244 
 400 303 
 662 888 
 662 555 
 99 738 
 210 355 
 402 734 
 543 244 
 691 1548 
 578 356 
 609 1429 
 80 740 
 691 1172 
 221 925 
 121 1523 
 100 1043 
 731 118 
 731 116 
 254 839 
 657 693 
 60 380 
 502 1029 
 96 355 
 166 718 
 667 740 
 729 318 
 546 942 
 238 304 
 393 1355 
 475 496 
 580 214 
 579 219 
 207 1450 
 683 182 
 533 830 
 484 1354 
 543 862 
 5 1051 
 168 830 
 229 733 
 99 744 
 140 28 
 577 446 
 403 1667 
 387 830 
 662 1298 
 400 304 
 691 108 
 138 761 
 379 1668 
 577 343 
 546 1291 
 385 1243 
 64 115 
 350 302 
 495 231 
 140 18 
 178 1522 
 145 718 
 675 482 
 722 1497 
 140 1678 
 280 739 
 136 1673 
 493 1043 
 400 718 
 580 1279 
 60 734 
 416 1360 
 429 693 
 714 250 
 507 1154 
 592 1280 
 580 492 
 402 225 
 697 220 
 678 220 
 59 304 
 55 580 
 364 304 
 678 738 
 488 735 
 447 1670 
 300 733 
 319 751 
 216 302 
 104 115 
 405 693 
 96 1293 
 122 1522 
 484 1353 
 400 738 
 139 238 
 722 1535 
 54 1779 
 377 1243 
 502 1046 
 675 350 
 566 118 
 193 1817 
 493 116 
 210 854 
 697 733 
 294 1670 
 254 225 
 90 1212 
 679 167 
 145 122 
 26 75 
 580 1035 
 315 1534 
 210 555 
 182 703 
 722 1821 
 693 1306 
 252 1859 
 164 238 
 46 693 
 580 1821 
 577 1665 
 210 1193 
 131 1736 
 398 231 
 648 1114 
 280 1522 
 472 122 
 311 303 
 657 122 
 268 1043 
 181 740 
 502 744 
 319 867 
 198 744 
 577 555 
 285 804 
 164 740 
 691 765 
 677 116 
 291 744 
 324 1670 
 516 1532 
 570 303 
 580 1904 
 369 75 
 662 347 
 143 500 
 289 929 
 91 830 
 726 447 
 710 1635 
 570 718 
 580 1568 
 241 1523 
 158 496 
 675 1901 
 490 683 
 502 730 
 140 343 
 596 306 
 531 740 
 250 830 
 405 1630 
 163 730 
 580 1747 
 356 1593 
 722 1897 
 226 1639 
 26 232 
 662 854 
 653 609 
 414 242 
 319 920 
 333 231 
 155 738 
 369 1109 
 395 740 
 148 1212 
 580 1723 
 429 549 
 201 301 
 693 1091 
 307 1102 
 96 1300 
 694 742 
 691 854 
 328 703 
 492 804 
 516 116 
 64 1046 
 691 226 
 319 677 
 454 693 
 273 830 
 496 677 
 580 1308 
 140 888 
 681 298 
 238 740 
 580 887 
 104 122 
 200 718 
 332 1668 
 654 361 
 496 1654 
 366 238 
 138 639 
 511 122 
 607 734 
 117 703 
 649 497 
 35 830 
 204 637 
 566 305 
 722 1718 
 449 1852 
 35 1123 
 60 739 
 513 1667 
 96 876 
 675 1491 
 78 116 
 143 502 
 337 739 
 58 744 
 497 739 
 691 442 
 609 785 
 564 677 
 140 209 
 488 693 
 80 1522 
 494 1779 
 693 340 
 64 1043 
 662 1678 
 29 1046 
 500 370 
 58 225 
 643 118 
 691 912 
 662 496 
 696 1524 
 208 1670 
 279 1397 
 300 1654 
 678 115 
 693 97 
 116 1063 
 693 1907 
 22 1524 
 139 225 
 577 1391 
 337 740 
 63 366 
 473 122 
 299 1868 
 693 442 
 627 235 
 389 1667 
 490 238 
 96 99 
 536 242 
 63 238 
 722 1186 
 19 1524 
 580 1661 
 356 1154 
 153 1153 
 423 1534 
 64 786 
 494 1109 
 214 231 
 547 501 
 96 492 
 661 1473 
 152 740 
 639 220 
 496 693 
 497 304 
 145 238 
 238 744 
 662 1570 
 59 1524 
 693 89 
 423 804 
 311 718 
 182 733 
 580 1497 
 613 118 
 58 231 
 210 1568 
 191 244 
 140 651 
 405 1360 
 281 1524 
 675 447 
 140 1555 
 401 740 
 210 816 
 529 1522 
 344 1360 
 693 1665 
 531 303 
 503 1153 
 63 639 
 148 1401 
 163 1454 
 239 1524 
 693 966 
 436 1667 
 179 925 
 178 323 
 182 744 
 169 122 
 99 115 
 464 830 
 353 301 
 591 584 
 429 305 
 693 576 
 371 1669 
 140 1365 
 580 351 
 319 1292 
 140 733 
 580 612 
 142 1654 
 356 718 
 353 39 
 321 1778 
 562 739 
 657 1043 
 346 1361 
 318 1450 
 280 867 
 657 1522 
 675 204 
 654 363 
 678 737 
 301 1523 
 622 500 
 533 740 
 631 830 
 185 540 
 430 925 
 177 581 
 566 225 
 515 738 
 691 1124 
 580 1711 
 245 581 
 216 1523 
 151 1509 
 169 220 
 158 116 
 577 1035 
 319 740 
 140 1138 
 69 735 
 581 128 
 577 426 
 490 1311 
 125 1354 
 502 118 
 210 1767 
 78 744 
 210 1581 
 580 1826 
 562 742 
 227 1524 
 688 303 
 152 303 
 663 1223 
 350 1654 
 531 1243 
 239 928 
 117 219 
 289 730 
 657 167 
 580 270 
 227 1522 
 659 116 
 183 1534 
 405 386 
 138 1533 
 726 1548 
 140 1491 
 493 302 
 570 116 
 722 913 
 140 801 
 154 225 
 29 1044 
 400 116 
 200 1046 
 60 301 
 63 363 
 419 741 
 63 185 
 297 1044 
 140 1443 
 210 1606 
 356 739 
 693 1296 
 192 739 
 722 293 
 340 1670 
 196 122 
 166 1230 
 609 338 
 140 1593 
 662 1593 
 496 966 
 677 302 
 684 244 
 495 1524 
 577 1891 
 694 303 
 693 356 
 459 738 
 101 785 
 423 1573 
 684 740 
 728 1156 
 683 185 
 490 116 
 98 399 
 577 349 
 252 204 
 364 830 
 488 839 
 558 736 
 216 301 
 15 361 
 281 115 
 207 1401 
 96 1901 
 488 581 
 281 1291 
 153 361 
 113 231 
 577 323 
 252 218 
 356 1046 
 33 830 
 400 830 
 693 1759 
 675 1793 
 249 250 
 199 1360 
 143 501 
 99 220 
 210 117 
 26 1330 
 667 302 
 667 738 
 140 744 
 377 1534 
 216 1524 
 533 733 
 427 250 
 353 238 
 41 1879 
 613 804 
 158 231 
 240 1475 
 697 735 
 731 302 
 300 219 
 300 303 
 199 785 
 210 211 
 423 1523 
 311 743 
 63 738 
 20 1630 
 657 225 
 22 1522 
 693 147 
 281 231 
 646 895 
 677 220 
 311 116 
 178 739 
 728 1305 
 493 1154 
 395 122 
 324 1667 
 337 738 
 722 1665 
 60 115 
 13 488 
 98 225 
 350 489 
 472 744 
 178 203 
 347 1522 
 210 915 
 350 1010 
 566 1154 
 471 501 
 76 122 
 96 354 
 546 602 
 152 1311 
 198 804 
 577 209 
 702 219 
 276 743 
 216 1405 
 693 922 
 580 359 
 120 1524 
 662 341 
 577 877 
 675 1295 
 579 718 
 59 739 
 288 740 
 238 738 
 580 1898 
 289 942 
 689 1520 
 210 1491 
 469 956 
 319 496 
 693 204 
 654 1524 
 722 1851 
 238 301 
 675 685 
 140 1141 
 281 738 
 68 289 
 7 492 
 675 344 
 392 39 
 291 242 
 358 1669 
 722 209 
 261 1043 
 268 1044 
 335 302 
 300 693 
 238 734 
 99 740 
 580 40 
 19 39 
 264 1529 
 691 1793 
 289 751 
 672 1807 
 179 1673 
 728 1299 
 580 69 
 227 830 
 63 739 
 642 303 
 580 1304 
 163 929 
 401 238 
 422 301 
 605 895 
 728 1901 
 85 1046 
 691 924 
 693 1189 
 666 1523 
 140 348 
 431 1360 
 580 62 
 675 1881 
 210 212 
 144 504 
 662 203 
 577 428 
 115 830 
 493 304 
 210 1279 
 675 1641 
 140 428 
 26 1340 
 352 501 
 488 1046 
 138 144 
 405 1361 
 61 734 
 527 115 
 401 738 
 493 242 
 350 123 
 365 932 
 76 118 
 140 1305 
 658 1524 
 577 1570 
 731 301 
 210 612 
 301 1524 
 96 70 
 566 718 
 679 1861 
 400 677 
 580 1365 
 691 1430 
 153 804 
 169 1524 
 558 743 
 675 336 
 58 118 
 722 630 
 216 115 
 367 588 
 647 203 
 691 452 
 497 1044 
 121 1495 
 437 242 
 688 739 
 246 619 
 695 384 
 301 580 
 58 739 
 117 118 
 579 734 
 96 915 
 117 225 
 117 736 
 693 1748 
 418 278 
 481 822 
 667 231 
 670 1274 
 693 326 
 693 1908 
 577 1844 
 693 431 
 571 1673 
 577 1568 
 350 1046 
 337 122 
 479 739 
 288 238 
 577 1004 
 693 1881 
 210 1821 
 149 735 
 265 851 
 637 116 
 580 1306 
 558 231 
 580 800 
 117 733 
 691 1665 
 658 303 
 703 1807 
 675 1391 
 261 1522 
 101 112 
 570 238 
 580 1572 
 728 1767 
 639 740 
 61 231 
 722 1302 
 103 1044 
 580 888 
 577 923 
 490 862 
 195 370 
 140 1793 
 577 816 
 520 231 
 238 733 
 366 231 
 80 955 
 140 351 
 418 1212 
 577 1305 
 722 1898 
 533 304 
 64 822 
 288 830 
 261 738 
 501 1549 
 39 1400 
 76 238 
 140 204 
 96 1417 
 412 733 
 158 739 
 26 1339 
 276 1243 
 59 225 
 252 431 
 479 735 
 577 208 
 396 1045 
 401 718 
 281 118 
 185 66 
 402 220 
 558 718 
 182 739 
 96 105 
 490 225 
 693 816 
 354 488 
 140 612 
 384 1654 
 173 386 
 580 1257 
 555 1549 
 300 238 
 679 830 
 353 225 
 580 52 
 353 231 
 677 737 
 722 1032 
 270 722 
 691 1759 
 129 744 
 281 1473 
 450 1212 
 96 346 
 311 305 
 577 1141 
 300 735 
 296 220 
 64 116 
 163 1448 
 475 115 
 116 1018 
 577 1365 
 85 1044 
 579 303 
 691 887 
 731 733 
 252 1638 
 129 238 
 693 887 
 643 115 
 401 115 
 241 250 
 169 744 
 281 305 
 693 1898 
 580 1855 
 165 1044 
 693 1706 
 495 739 
 662 867 
 312 804 
 244 301 
 210 1126 
 277 116 
 511 740 
 730 39 
 694 733 
 390 1532 
 229 739 
 54 1360 
 459 740 
 502 182 
 592 1871 
 335 301 
 16 925 
 477 702 
 254 118 
 210 887 
 64 231 
 185 225 
 276 736 
 636 301 
 176 1360 
 722 334 
 639 718 
 159 738 
 490 1522 
 693 28 
 657 1524 
 214 718 
 178 1043 
 372 1361 
 580 1137 
 271 39 
 216 1573 
 643 740 
 579 740 
 580 555 
 571 830 
 134 1667 
 728 612 
 463 1361 
 308 1522 
 515 804 
 605 894 
 72 830 
 580 1278 
 131 232 
 158 738 
 423 703 
 280 361 
 168 304 
 580 103 
 98 231 
 101 59 
 622 501 
 140 449 
 20 484 
 722 1441 
 281 304 
 99 1523 
 607 739 
 152 231 
 226 285 
 60 116 
 65 1668 
 722 1290 
 34 128 
 580 1763 
 52 1368 
 270 739 
 321 925 
 163 1154 
 531 703 
 358 1522 
 658 718 
 296 219 
 335 305 
 682 1522 
 63 744 
 96 905 
 486 1117 
 488 303 
 281 735 
 693 1884 
 507 1534 
 580 1124 
 319 1429 
 273 739 
 558 225 
 149 231 
 675 612 
 64 739 
 667 225 
 578 1126 
 516 734 
 693 1307 
 104 733 
 200 305 
 281 238 
 579 302 
 562 741 
 473 718 
 490 925 
 420 751 
 232 1522 
 227 118 
 579 738 
 502 116 
 693 914 
 427 303 
 299 1776 
 493 301 
 657 118 
 60 736 
 580 152 
 175 1154 
 545 244 
 577 55 
 222 1871 
 607 303 
 488 830 
 558 304 
 122 718 
 675 1305 
 96 1793 
 502 115 
 134 830 
 675 203 
 140 102 
 564 488 
 140 1298 
 76 302 
 60 225 
 271 220 
 214 302 
 312 1010 
 497 302 
 113 380 
 609 751 
 239 244 
 178 250 
 140 1033 
 145 734 
 239 238 
 528 804 
 100 1046 
 364 301 
 353 733 
 214 303 
 490 118 
 580 1717 
 39 581 
 140 1866 
 546 804 
 722 270 
 577 355 
 696 830 
 675 854 
 658 751 
 677 1524 
 76 1522 
 524 804 
 236 386 
 684 122 
 181 733 
 507 1522 
 483 115 
 728 1548 
 95 1668 
 227 225 
 657 1814 
 41 399 
 693 70 
 58 718 
 691 901 
 493 1046 
 261 303 
 662 608 
 159 118 
 414 739 
 675 428 
 493 646 
 551 1871 
 527 118 
 145 231 
 493 225 
 675 1594 
 134 304 
 722 1417 
 35 185 
 458 225 
 580 1420 
 99 1473 
 580 1706 
 312 639 
 468 677 
 403 1668 
 473 118 
 577 854 
 145 738 
 252 888 
 691 496 
 396 1044 
 377 218 
 577 70 
 578 1852 
 29 1043 
 182 1405 
 420 220 
 364 740 
 529 738 
 723 1665 
 654 804 
 580 899 
 289 580 
 662 351 
 90 1450 
 181 1524 
 507 301 
 200 733 
 577 1824 
 639 225 
 210 1636 
 722 40 
 728 492 
 140 1847 
 315 1243 
 229 1524 
 385 741 
 229 735 
 200 738 
 567 718 
 507 303 
 675 351 
 566 735 
 76 740 
 401 1522 
 159 302 
 153 639 
 93 686 
 580 801 
 488 1815 
 64 250 
 387 734 
 693 1566 
 527 739 
 485 286 
 96 108 
 664 1509 
 140 1548 
 426 1397 
 469 739 
 261 1405 
 435 734 
 495 718 
 163 1914 
 350 730 
 722 966 
 147 118 
 517 1523 
 580 815 
 281 1673 
 163 1605 
 695 386 
 566 743 
 675 1852 
 675 1060 
 433 1679 
 196 115 
 138 850 
 580 1491 
 493 795 
 686 320 
 463 386 
 43 735 
 59 744 
 531 738 
 528 639 
 280 302 
 80 734 
 657 39 
 328 1524 
 550 242 
 520 219 
 580 1004 
 311 736 
 207 1400 
 275 220 
 580 1189 
 693 149 
 607 735 
 226 1529 
 580 1426 
 675 448 
 507 744 
 254 116 
 558 115 
 98 738 
 287 278 
 484 1357 
 580 1767 
 169 225 
 80 1029 
 182 1524 
 99 122 
 367 804 
 152 122 
 281 1523 
 571 1473 
 693 341 
 129 225 
 177 606 
 132 118 
 240 1186 
 516 225 
 455 1871 
 577 293 
 301 118 
 229 242 
 332 693 
 99 1417 
 328 364 
 179 739 
 533 220 
 577 1086 
 543 219 
 691 429 
 185 740 
 609 818 
 80 733 
 720 316 
 185 1183 
 530 604 
 103 1154 
 84 804 
 313 122 
 69 238 
 577 447 
 484 1355 
 101 1776 
 20 730 
 69 733 
 667 301 
 301 116 
 677 1589 
 566 736 
 701 804 
 497 1154 
 281 39 
 667 1523 
 122 740 
 187 219 
 543 238 
 650 315 
 595 1243 
 69 303 
 104 549 
 650 687 
 566 734 
 693 946 
 301 830 
 674 304 
 140 431 
 728 1491 
 400 301 
 20 765 
 497 1523 
 675 1593 
 63 225 
 580 108 
 511 118 
 507 225 
 80 115 
 210 446 
 691 1593 
 240 1282 
 337 115 
 468 898 
 577 1548 
 466 830 
 669 848 
 373 244 
 395 738 
 693 323 
 74 830 
 675 343 
 132 116 
 23 130 
 662 343 
 580 20 
 608 1212 
 220 160 
 185 1523 
 580 1676 
 422 1534 
 566 738 
 475 323 
 236 1361 
 120 804 
 164 231 
 144 459 
 567 114 
 472 302 
 488 118 
 131 677 
 550 1524 
 168 231 
 520 220 
 450 793 
 239 739 
 427 302 
 281 301 
 349 1779 
 138 1429 
 224 1807 
 503 804 
 650 1895 
 329 1776 
 657 1523 
 140 350 
 121 301 
 311 39 
 547 504 
 277 301 
 345 1043 
 361 1043 
 259 1447 
 37 751 
 252 801 
 252 1879 
 350 1210 
 126 115 
 720 317 
 674 301 
 675 103 
 496 583 
 140 961 
 580 121 
 693 102 
 140 1150 
 280 1043 
 71 1669 
 722 439 
 358 301 
 246 622 
 577 1396 
 657 830 
 691 1636 
 436 1669 
 611 925 
 577 492 
 693 1156 
 200 231 
 275 242 
 678 225 
 192 740 
 252 492 
 693 99 
 261 1560 
 281 744 
 135 1397 
 693 1138 
 580 816 
 16 719 
 16 1807 
 270 1524 
 675 426 
 577 1594 
 254 830 
 531 231 
 577 1657 
 8 231 
 80 302 
 711 1789 
 200 1524 
 488 740 
 675 1757 
 675 888 
 58 303 
 580 854 
 226 1212 
 69 739 
 580 435 
 543 734 
 291 496 
 722 1365 
 307 185 
 80 735 
 722 480 
 58 116 
 200 219 
 531 238 
 23 125 
 443 59 
 273 942 
 366 713 
 361 1044 
 693 1638 
 678 736 
 580 865 
 140 352 
 214 1523 
 261 238 
 389 1670 
 275 244 
 244 733 
 261 718 
 693 52 
 236 1630 
 26 1331 
 570 301 
 311 581 
 591 1871 
 345 1046 
 271 733 
 691 817 
 511 1524 
 422 1386 
 19 1523 
 152 115 
 546 218 
 211 1361 
 580 55 
 493 250 
 300 713 
 145 115 
 466 1522 
 385 218 
 96 1821 
 346 1360 
 60 737 
 693 529 
 688 735 
 254 305 
 241 39 
 291 302 
 591 1868 
 696 39 
 396 1046 
 380 1534 
 289 804 
 511 580 
 471 500 
 319 730 
 726 426 
 615 1348 
 577 1866 
 678 238 
 558 740 
 163 719 
 210 1293 
 580 1190 
 580 1897 
 580 1721 
 42 1522 
 158 118 
 268 66 
 693 1257 
 195 1607 
 281 116 
 722 854 
 577 1060 
 540 278 
 722 548 
 117 238 
 675 342 
 96 1858 
 113 740 
 377 1532 
 420 114 
 69 225 
 214 115 
 140 20 
 402 740 
 171 1522 
 533 225 
 214 733 
 192 733 
 726 1417 
 244 741 
 64 830 
 580 903 
 292 225 
 695 385 
 472 718 
 684 115 
 722 1262 
 631 1473 
 135 925 
 366 1523 
 423 363 
 193 498 
 580 1794 
 220 76 
 450 804 
 722 21 
 117 741 
 662 685 
 101 443 
 615 605 
 113 739 
 488 225 
 148 1210 
 643 744 
 667 39 
 457 116 
 693 1279 
 720 1782 
 26 228 
 580 269 
 657 739 
 675 1636 
 566 231 
 516 115 
 520 238 
 393 1353 
 691 351 
 546 1590 
 117 231 
 58 1522 
 457 830 
 657 238 
 580 1769 
 200 39 
 449 1914 
 722 1724 
 558 830 
 63 303 
 152 1524 
 327 549 
 687 1046 
 115 182 
 345 1044 
 693 62 
 370 738 
 693 1284 
 507 739 
 177 167 
 140 1750 
 691 1629 
 192 1243 
 167 1871 
 570 225 
 714 738 
 722 341 
 566 741 
 662 1548 
 693 209 
 395 301 
 210 482 
 158 1523 
 722 574 
 495 122 
 675 442 
 280 225 
 213 744 
 78 1524 
 46 244 
 276 735 
 371 1670 
 127 1010 
 697 734 
 374 1252 
 281 1167 
 580 1555 
 229 744 
 280 242 
 546 1243 
 149 733 
 214 301 
 163 1568 
 169 116 
 684 238 
 515 733 
 710 156 
 507 1523 
 495 115 
 577 876 
 395 116 
 577 1528 
 339 925 
 693 1441 
 577 564 
 175 1605 
 70 1673 
 577 1298 
 37 1360 
 580 211 
 29 1522 
 412 740 
 395 739 
 88 804 
 342 118 
 577 1636 
 282 370 
 447 1667 
 728 354 
 580 1629 
 350 301 
 607 238 
 96 1570 
 109 1576 
 232 733 
 179 740 
 171 894 
 495 740 
 497 1635 
 129 1673 
 693 1725 
 261 118 
 516 718 
 678 122 
 580 102 
 234 1361 
 281 122 
 140 1606 
 101 804 
 207 1449 
 402 238 
 493 1044 
 179 116 
 140 1881 
 693 903 
 670 1271 
 117 744 
 353 303 
 138 39 
 140 203 
 271 304 
 580 215 
 166 739 
 401 303 
 493 115 
 354 926 
 126 39 
 140 867 
 490 703 
 580 446 
 158 830 
 546 323 
 96 851 
 381 500 
 356 1524 
 76 830 
 657 302 
 210 449 
 722 1904 
 140 738 
 466 739 
 281 1522 
 109 1523 
 356 244 
 350 304 
 136 1675 
 264 1639 
 693 867 
 63 1044 
 418 59 
 675 950 
 145 219 
 562 303 
 496 182 
 328 1532 
 614 242 
 488 304 
 35 1108 
 494 804 
 496 1674 
 411 733 
 85 1043 
 94 733 
 377 540 
 691 1581 
 140 1396 
 186 1524 
 693 1581 
 533 231 
 252 1669 
 192 303 
 245 443 
 53 1523 
 657 738 
 580 1259 
 117 301 
 579 735 
 691 888 
 140 685 
 671 242 
 662 1417 
 68 1291 
 614 244 
 226 460 
 227 1405 
 37 285 
 662 1396 
 580 1745 
 214 744 
 146 738 
 722 1572 
 577 888 
 140 341 
 252 1554 
 288 220 
 527 740 
 516 1523 
 398 1532 
 422 1120 
 562 225 
 353 738 
 533 305 
 577 1491 
 459 1523 
 562 302 
 693 1535 
 533 303 
 688 738 
 675 1141 
 652 1210 
 244 739 
 104 498 
 662 345 
 334 1399 
 104 739 
 564 301 
 20 488 
 311 734 
 731 115 
 577 1862 
 220 218 
 59 738 
 216 304 
 479 738 
 691 922 
 724 298 
 613 361 
 695 388 
 185 39 
 101 1868 
 722 1005 
 200 1154 
 577 341 
 546 496 
 185 302 
 319 804 
 691 1638 
 513 1668 
 404 242 
 350 677 
 350 744 
 693 345 
 210 343 
 657 718 
