 5 1783 
 7 1224 
 7 1482 
 8 963 
 11 1551 
 13 1220 
 15 1093 
 15 1112 
 15 2142 
 16 1263 
 16 1451 
 16 1657 
 16 2539 
 17 1435 
 17 1527 
 17 1626 
 17 1627 
 17 1630 
 17 2331 
 17 2386 
 17 2641 
 18 791 
 18 1434 
 19 771 
 19 1562 
 19 2254 
 19 2255 
 19 2256 
 20 892 
 20 1112 
 20 1215 
 20 1216 
 20 1220 
 20 1409 
 20 1445 
 20 1462 
 20 1497 
 20 1742 
 20 2362 
 21 1742 
 22 916 
 22 1465 
 22 2254 
 22 2255 
 22 2256 
 23 857 
 23 858 
 23 860 
 23 862 
 24 847 
 24 848 
 24 850 
 26 807 
 26 882 
 26 960 
 26 964 
 26 1061 
 26 1536 
 26 1948 
 26 2062 
 26 2063 
 26 2068 
 26 2071 
 26 2072 
 28 916 
 29 1775 
 29 1776 
 29 1778 
 29 2254 
 29 2256 
 30 974 
 30 976 
 30 982 
 33 917 
 33 1562 
 33 1657 
 34 860 
 35 813 
 35 914 
 35 917 
 35 1334 
 35 1562 
 35 1807 
 35 1840 
 35 1845 
 35 1853 
 35 1855 
 35 2511 
 36 1562 
 37 1017 
 37 1421 
 37 1483 
 37 1536 
 37 1975 
 37 2092 
 38 771 
 38 957 
 38 963 
 38 970 
 39 1313 
 39 2131 
 39 2132 
 39 2133 
 41 1131 
 41 1975 
 41 2266 
 41 2611 
 42 771 
 42 847 
 42 952 
 42 1450 
 42 1470 
 42 1471 
 42 1472 
 42 1562 
 42 2254 
 42 2256 
 43 1466 
 43 1467 
 43 1469 
 46 976 
 46 1425 
 48 1434 
 48 1483 
 48 1886 
 48 2161 
 48 2254 
 48 2255 
 48 2539 
 52 1095 
 52 2100 
 53 1472 
 53 2254 
 53 2255 
 53 2256 
 54 1844 
 54 2092 
 54 2511 
 55 1312 
 57 1409 
 57 1451 
 57 2468 
 58 771 
 58 847 
 58 848 
 58 850 
 58 854 
 58 957 
 58 963 
 58 970 
 58 1035 
 58 1450 
 58 1470 
 58 1471 
 58 1472 
 58 1476 
 58 1562 
 58 2254 
 58 2255 
 59 847 
 59 848 
 59 850 
 59 854 
 59 951 
 59 952 
 59 957 
 59 963 
 59 970 
 59 974 
 59 976 
 59 1033 
 59 1034 
 59 1035 
 59 1036 
 59 1037 
 59 1450 
 59 1465 
 59 1466 
 59 1467 
 59 1468 
 59 1470 
 59 1471 
 59 1472 
 59 1475 
 59 1476 
 59 1562 
 59 2256 
 59 2321 
 60 771 
 60 847 
 60 848 
 60 850 
 60 957 
 60 963 
 60 970 
 60 1033 
 60 1034 
 60 1035 
 60 1112 
 60 1409 
 60 1450 
 60 1465 
 60 1466 
 60 1467 
 60 1468 
 60 1469 
 60 1470 
 60 1471 
 60 1472 
 60 1476 
 61 951 
 61 952 
 61 957 
 61 963 
 61 970 
 61 1033 
 61 1034 
 61 1035 
 61 1036 
 61 1037 
 61 1465 
 61 1466 
 61 1467 
 61 1470 
 61 1471 
 61 1472 
 63 808 
 63 847 
 63 850 
 63 914 
 63 917 
 63 957 
 63 963 
 63 970 
 63 1033 
 63 1034 
 63 1035 
 63 1093 
 63 1095 
 63 1098 
 63 1371 
 63 1435 
 63 1470 
 63 1471 
 63 1476 
 63 1775 
 63 1776 
 63 1778 
 63 2092 
 63 2254 
 63 2255 
 63 2256 
 63 2611 
 64 847 
 64 848 
 64 850 
 64 888 
 64 914 
 64 917 
 64 957 
 64 963 
 64 974 
 64 976 
 64 982 
 64 998 
 64 1033 
 64 1034 
 64 1035 
 64 1036 
 64 1312 
 64 1371 
 64 1425 
 64 1450 
 64 1462 
 64 1470 
 64 1471 
 64 1472 
 64 1476 
 64 1518 
 64 1554 
 64 1562 
 64 1578 
 64 1594 
 64 1775 
 64 1776 
 64 1778 
 64 1886 
 64 1984 
 64 2254 
 64 2255 
 64 2256 
 64 2315 
 64 2405 
 64 2646 
 65 2399 
 65 2400 
 65 2401 
 65 2402 
 66 2243 
 67 974 
 67 976 
 67 982 
 67 1761 
 68 1021 
 68 1112 
 68 1341 
 68 2023 
 68 2572 
 69 957 
 69 963 
 69 970 
 69 1034 
 69 1035 
 69 1036 
 69 1465 
 69 1467 
 69 1471 
 69 1562 
 70 2405 
 70 2406 
 71 2399 
 71 2400 
 71 2401 
 71 2402 
 72 1033 
 72 1221 
 72 1435 
 72 1536 
 72 1562 
 72 2264 
 72 2352 
 73 914 
 73 917 
 74 1562 
 74 2266 
 76 771 
 76 850 
 76 854 
 76 957 
 76 963 
 76 970 
 76 1033 
 76 1034 
 76 1035 
 76 1450 
 76 1470 
 76 1471 
 76 1472 
 76 1476 
 76 1562 
 76 2254 
 76 2255 
 76 2264 
 77 1230 
 77 1321 
 78 847 
 78 848 
 78 957 
 78 1470 
 78 1472 
 78 1476 
 78 1761 
 78 2254 
 78 2255 
 78 2256 
 80 847 
 80 848 
 80 957 
 80 1034 
 80 1450 
 80 1465 
 80 1466 
 80 1467 
 80 1470 
 80 1472 
 80 1476 
 80 1562 
 80 1687 
 80 1761 
 80 2254 
 80 2255 
 80 2256 
 83 1192 
 83 2261 
 83 2371 
 84 1536 
 85 1775 
 85 1776 
 85 1778 
 87 963 
 87 1470 
 87 1471 
 87 1472 
 88 1536 
 90 1944 
 90 2131 
 90 2132 
 90 2133 
 90 2180 
 90 2181 
 90 2182 
 91 1562 
 93 1418 
 94 1465 
 94 1466 
 94 1467 
 95 2399 
 95 2400 
 96 760 
 96 802 
 96 831 
 96 834 
 96 837 
 96 840 
 96 935 
 96 943 
 96 944 
 96 1002 
 96 1025 
 96 1055 
 96 1072 
 96 1073 
 96 1075 
 96 1077 
 96 1078 
 96 1082 
 96 1083 
 96 1086 
 96 1087 
 96 1088 
 96 1163 
 96 1174 
 96 1179 
 96 1180 
 96 1181 
 96 1212 
 96 1219 
 96 1224 
 96 1287 
 96 1296 
 96 1340 
 96 1344 
 96 1417 
 96 1533 
 96 1583 
 96 1586 
 96 1599 
 96 1608 
 96 1619 
 96 1620 
 96 1637 
 96 1645 
 96 1647 
 96 1792 
 96 1823 
 96 1870 
 96 1888 
 96 1899 
 96 2002 
 96 2014 
 96 2025 
 96 2027 
 96 2031 
 96 2032 
 96 2037 
 96 2149 
 96 2223 
 96 2280 
 96 2302 
 96 2368 
 96 2397 
 96 2431 
 96 2438 
 96 2455 
 96 2456 
 96 2457 
 96 2483 
 96 2495 
 96 2499 
 96 2525 
 96 2553 
 96 2590 
 96 2591 
 96 2611 
 96 2613 
 96 2633 
 97 1778 
 98 957 
 98 963 
 98 970 
 98 1033 
 98 1034 
 98 1035 
 98 1131 
 98 1465 
 98 1466 
 98 1467 
 98 1470 
 98 1471 
 98 1472 
 98 1476 
 98 1630 
 98 1975 
 99 771 
 99 846 
 99 847 
 99 848 
 99 850 
 99 854 
 99 952 
 99 957 
 99 963 
 99 970 
 99 1033 
 99 1034 
 99 1035 
 99 1037 
 99 1450 
 99 1465 
 99 1470 
 99 1471 
 99 1472 
 99 1476 
 99 1562 
 99 2137 
 99 2149 
 99 2201 
 99 2205 
 99 2254 
 99 2255 
 99 2256 
 100 1775 
 100 1776 
 100 1778 
 101 791 
 101 844 
 101 1175 
 101 1216 
 101 1517 
 101 1536 
 101 2092 
 101 2093 
 101 2508 
 101 2600 
 101 2603 
 103 1562 
 103 1775 
 103 1776 
 103 1778 
 103 1886 
 104 847 
 104 848 
 104 850 
 104 854 
 104 951 
 104 952 
 104 957 
 104 963 
 104 970 
 104 1033 
 104 1034 
 104 1035 
 104 1036 
 104 1037 
 104 1230 
 104 1281 
 104 1450 
 104 1465 
 104 1466 
 104 1470 
 104 1471 
 104 1472 
 104 1473 
 104 1476 
 104 1562 
 104 2256 
 105 974 
 105 976 
 108 1470 
 108 2409 
 109 1742 
 109 2254 
 109 2255 
 109 2256 
 109 2305 
 109 2308 
 110 951 
 110 952 
 113 957 
 113 963 
 113 1033 
 113 1034 
 113 1035 
 113 1112 
 113 1465 
 113 1468 
 113 1469 
 113 1470 
 113 1471 
 113 1472 
 113 1476 
 115 914 
 115 917 
 115 1313 
 115 1483 
 115 1562 
 116 1750 
 116 1795 
 117 771 
 117 846 
 117 847 
 117 848 
 117 850 
 117 854 
 117 951 
 117 952 
 117 957 
 117 963 
 117 970 
 117 1033 
 117 1034 
 117 1035 
 117 1036 
 117 1037 
 117 1435 
 117 1450 
 117 1465 
 117 1466 
 117 1468 
 117 1470 
 117 1471 
 117 1472 
 117 1473 
 117 1475 
 117 1476 
 117 1562 
 117 2137 
 117 2254 
 117 2256 
 120 1371 
 120 1536 
 120 2256 
 121 951 
 121 952 
 121 957 
 121 963 
 121 970 
 121 974 
 121 976 
 121 982 
 121 1033 
 121 1034 
 121 1035 
 121 1263 
 121 1409 
 121 1425 
 121 1451 
 121 1630 
 121 2227 
 121 2255 
 122 952 
 122 957 
 122 963 
 122 970 
 122 1033 
 122 1034 
 122 1035 
 122 1450 
 122 1465 
 122 1470 
 122 1472 
 122 1473 
 122 2254 
 124 974 
 124 976 
 124 982 
 125 2085 
 125 2086 
 126 771 
 126 847 
 126 848 
 126 850 
 126 854 
 127 1471 
 127 1562 
 127 1742 
 127 2201 
 127 2205 
 129 951 
 129 952 
 129 957 
 129 970 
 129 1476 
 129 1571 
 129 2255 
 129 2405 
 129 2406 
 131 941 
 131 943 
 131 944 
 131 964 
 131 1409 
 131 1425 
 131 1483 
 131 1548 
 131 2468 
 132 847 
 132 848 
 132 850 
 132 854 
 133 951 
 133 952 
 133 976 
 133 1033 
 134 957 
 134 1034 
 134 1035 
 134 1036 
 134 1562 
 134 2399 
 134 2400 
 134 2402 
 135 1657 
 135 2129 
 136 899 
 136 1658 
 136 1742 
 136 2405 
 136 2407 
 136 2409 
 136 2539 
 136 2646 
 137 1536 
 138 771 
 138 875 
 138 876 
 138 967 
 138 1371 
 138 1493 
 138 1536 
 138 1582 
 138 1658 
 138 1885 
 138 2161 
 138 2264 
 138 2265 
 139 847 
 139 951 
 139 957 
 139 963 
 139 970 
 139 2254 
 139 2255 
 140 750 
 140 752 
 140 756 
 140 760 
 140 761 
 140 784 
 140 801 
 140 831 
 140 834 
 140 835 
 140 935 
 140 936 
 140 940 
 140 941 
 140 1058 
 140 1072 
 140 1073 
 140 1074 
 140 1075 
 140 1076 
 140 1077 
 140 1078 
 140 1079 
 140 1080 
 140 1082 
 140 1083 
 140 1084 
 140 1156 
 140 1158 
 140 1159 
 140 1160 
 140 1163 
 140 1174 
 140 1178 
 140 1179 
 140 1181 
 140 1219 
 140 1224 
 140 1228 
 140 1287 
 140 1296 
 140 1306 
 140 1340 
 140 1344 
 140 1362 
 140 1383 
 140 1417 
 140 1465 
 140 1470 
 140 1471 
 140 1472 
 140 1475 
 140 1476 
 140 1531 
 140 1533 
 140 1536 
 140 1549 
 140 1583 
 140 1586 
 140 1599 
 140 1608 
 140 1609 
 140 1620 
 140 1693 
 140 1764 
 140 1765 
 140 1766 
 140 1767 
 140 1792 
 140 1818 
 140 1839 
 140 1856 
 140 1858 
 140 1870 
 140 1873 
 140 1882 
 140 2002 
 140 2023 
 140 2024 
 140 2030 
 140 2031 
 140 2033 
 140 2037 
 140 2097 
 140 2128 
 140 2149 
 140 2175 
 140 2195 
 140 2223 
 140 2280 
 140 2285 
 140 2286 
 140 2287 
 140 2300 
 140 2302 
 140 2304 
 140 2317 
 140 2325 
 140 2330 
 140 2338 
 140 2361 
 140 2410 
 140 2438 
 140 2453 
 140 2482 
 140 2495 
 140 2499 
 140 2518 
 140 2525 
 140 2555 
 140 2579 
 140 2584 
 140 2598 
 140 2613 
 140 2633 
 141 1146 
 141 1661 
 141 2400 
 141 2615 
 142 917 
 142 2386 
 142 2405 
 142 2539 
 143 1232 
 143 1233 
 143 1234 
 143 1235 
 144 1191 
 144 1232 
 144 1233 
 144 1234 
 144 1236 
 144 2082 
 145 847 
 145 848 
 145 850 
 145 854 
 145 951 
 145 952 
 145 957 
 145 963 
 145 970 
 145 1033 
 145 1034 
 145 1035 
 145 1036 
 145 1037 
 145 1450 
 145 1465 
 145 1466 
 145 1467 
 145 1468 
 145 1470 
 145 1472 
 145 1473 
 145 1475 
 145 1476 
 145 1562 
 145 2137 
 146 771 
 146 1034 
 146 1035 
 146 1036 
 146 1465 
 146 1470 
 147 847 
 147 848 
 147 850 
 147 854 
 147 860 
 148 1627 
 148 1941 
 148 1942 
 148 1944 
 148 2133 
 148 2400 
 148 2509 
 149 957 
 149 963 
 149 970 
 149 1034 
 149 1035 
 149 1036 
 149 1465 
 149 1466 
 149 1467 
 150 1664 
 151 1026 
 151 1230 
 151 2101 
 151 2241 
 151 2549 
 152 771 
 152 847 
 152 848 
 152 850 
 152 854 
 152 957 
 152 963 
 152 970 
 152 1033 
 152 1034 
 152 1035 
 152 1281 
 152 1425 
 152 1450 
 152 1470 
 152 1471 
 152 1472 
 152 1476 
 152 1562 
 152 2043 
 152 2254 
 152 2256 
 153 1093 
 153 1095 
 153 1371 
 153 1536 
 153 1658 
 153 1885 
 154 957 
 154 963 
 154 970 
 154 2254 
 154 2255 
 154 2256 
 155 847 
 155 848 
 155 850 
 155 854 
 155 1450 
 155 1470 
 155 1472 
 156 1232 
 156 1233 
 156 1234 
 157 1240 
 157 1247 
 158 771 
 158 847 
 158 848 
 158 850 
 158 854 
 158 957 
 158 963 
 158 970 
 158 1033 
 158 1034 
 158 1035 
 158 1036 
 158 1228 
 158 1450 
 158 1465 
 158 1470 
 158 1471 
 158 1472 
 158 1476 
 158 1562 
 158 2254 
 158 2255 
 158 2256 
 159 847 
 159 848 
 159 850 
 159 854 
 159 957 
 159 963 
 159 970 
 159 1033 
 159 1034 
 159 1035 
 159 1450 
 159 1465 
 159 1467 
 159 1470 
 159 1471 
 159 1472 
 159 1476 
 159 1562 
 159 2137 
 159 2254 
 159 2256 
 161 1017 
 161 2092 
 162 1536 
 163 847 
 163 1016 
 163 1086 
 163 1093 
 163 1228 
 163 1312 
 163 1451 
 163 1462 
 163 1483 
 163 1536 
 163 1630 
 163 1661 
 163 1886 
 163 1942 
 163 2180 
 163 2186 
 163 2300 
 163 2337 
 163 2352 
 163 2646 
 164 854 
 164 957 
 164 963 
 164 970 
 164 1033 
 164 1034 
 164 1035 
 164 1036 
 164 1450 
 164 1470 
 164 1471 
 164 1472 
 164 1562 
 165 1562 
 165 1776 
 165 1778 
 166 1450 
 166 1471 
 166 1562 
 166 1594 
 166 1962 
 166 2539 
 166 2646 
 167 1027 
 167 2012 
 167 2600 
 167 2603 
 168 951 
 168 952 
 168 957 
 168 963 
 168 970 
 168 1036 
 168 1465 
 168 1467 
 168 1470 
 168 1471 
 168 1562 
 168 1660 
 168 1664 
 168 1975 
 168 2264 
 169 847 
 169 848 
 169 850 
 169 854 
 169 952 
 169 957 
 169 1034 
 169 1035 
 169 1450 
 169 1465 
 169 1470 
 169 1472 
 169 1476 
 169 1562 
 169 1975 
 169 2043 
 169 2254 
 169 2255 
 169 2256 
 169 2266 
 171 1626 
 171 2254 
 173 1118 
 173 2092 
 173 2093 
 174 1887 
 175 848 
 175 1555 
 175 1562 
 175 1571 
 175 1594 
 175 1886 
 175 2129 
 175 2205 
 175 2266 
 175 2337 
 176 2092 
 177 899 
 177 1313 
 177 1314 
 177 1338 
 177 2436 
 177 2593 
 178 808 
 178 847 
 178 850 
 178 935 
 178 957 
 178 970 
 178 976 
 178 982 
 178 1035 
 178 1055 
 178 1228 
 178 1337 
 178 1471 
 178 1775 
 178 2254 
 178 2255 
 179 771 
 179 846 
 179 847 
 179 848 
 179 850 
 179 854 
 179 952 
 179 957 
 179 963 
 179 1272 
 179 1450 
 179 1470 
 179 1471 
 179 1472 
 179 1476 
 179 1562 
 179 1657 
 179 2254 
 179 2255 
 179 2256 
 179 2405 
 181 847 
 181 848 
 181 957 
 181 1450 
 181 1465 
 181 1466 
 181 1467 
 181 1468 
 181 1469 
 181 1470 
 181 1471 
 181 1472 
 181 1476 
 181 1562 
 181 1761 
 181 2205 
 181 2254 
 181 2255 
 181 2256 
 182 771 
 182 846 
 182 847 
 182 848 
 182 850 
 182 854 
 182 951 
 182 952 
 182 957 
 182 963 
 182 970 
 182 1033 
 182 1034 
 182 1035 
 182 1036 
 182 1037 
 182 1228 
 182 1281 
 182 1435 
 182 1450 
 182 1465 
 182 1466 
 182 1467 
 182 1468 
 182 1470 
 182 1471 
 182 1472 
 182 1473 
 182 1475 
 182 1476 
 182 1562 
 182 1775 
 182 1776 
 182 1778 
 182 1886 
 182 2043 
 182 2137 
 182 2254 
 182 2255 
 182 2256 
 182 2264 
 182 2437 
 183 1975 
 183 2266 
 185 771 
 185 798 
 185 917 
 185 957 
 185 963 
 185 970 
 185 1033 
 185 1034 
 185 1035 
 185 1093 
 185 1095 
 185 1112 
 185 1228 
 185 1272 
 185 1409 
 185 1435 
 185 1470 
 185 1471 
 185 1472 
 185 1476 
 185 1657 
 185 1775 
 185 1776 
 185 1778 
 185 1915 
 185 1916 
 185 2254 
 185 2255 
 185 2256 
 186 935 
 186 963 
 186 2092 
 186 2093 
 186 2254 
 186 2255 
 186 2256 
 186 2400 
 186 2401 
 186 2402 
 187 951 
 187 952 
 187 957 
 187 963 
 187 970 
 188 791 
 188 1316 
 188 1334 
 188 1445 
 189 899 
 191 974 
 191 976 
 191 982 
 191 1562 
 192 771 
 192 1034 
 192 1035 
 192 1112 
 192 1465 
 192 1470 
 192 1471 
 192 1472 
 192 1562 
 192 1975 
 193 1230 
 193 2241 
 193 2549 
 194 2012 
 194 2600 
 194 2603 
 195 1102 
 195 2339 
 195 2416 
 196 847 
 196 848 
 196 850 
 196 854 
 196 974 
 196 976 
 196 1562 
 196 2205 
 198 1476 
 198 1536 
 198 2531 
 199 1175 
 199 1517 
 199 2092 
 199 2093 
 200 771 
 200 798 
 200 847 
 200 854 
 200 951 
 200 952 
 200 957 
 200 963 
 200 970 
 200 976 
 200 1033 
 200 1034 
 200 1035 
 200 1036 
 200 1037 
 200 1450 
 200 1465 
 200 1466 
 200 1467 
 200 1468 
 200 1469 
 200 1470 
 200 1471 
 200 1472 
 200 1475 
 200 1476 
 200 1562 
 200 1778 
 200 1886 
 200 2254 
 200 2256 
 200 2321 
 201 1033 
 201 1034 
 201 1470 
 201 1562 
 204 771 
 204 1369 
 204 2256 
 206 974 
 207 2131 
 207 2132 
 207 2133 
 207 2180 
 207 2181 
 207 2182 
 208 2400 
 208 2401 
 208 2402 
 210 784 
 210 801 
 210 802 
 210 831 
 210 849 
 210 881 
 210 893 
 210 940 
 210 943 
 210 944 
 210 1002 
 210 1025 
 210 1055 
 210 1073 
 210 1075 
 210 1076 
 210 1077 
 210 1078 
 210 1082 
 210 1083 
 210 1086 
 210 1087 
 210 1088 
 210 1160 
 210 1163 
 210 1166 
 210 1174 
 210 1178 
 210 1179 
 210 1180 
 210 1181 
 210 1214 
 210 1219 
 210 1224 
 210 1261 
 210 1280 
 210 1287 
 210 1296 
 210 1340 
 210 1344 
 210 1373 
 210 1417 
 210 1548 
 210 1549 
 210 1583 
 210 1586 
 210 1599 
 210 1619 
 210 1620 
 210 1645 
 210 1647 
 210 1678 
 210 1792 
 210 1818 
 210 1856 
 210 1858 
 210 1925 
 210 1986 
 210 2002 
 210 2011 
 210 2025 
 210 2031 
 210 2032 
 210 2037 
 210 2040 
 210 2149 
 210 2223 
 210 2280 
 210 2300 
 210 2302 
 210 2304 
 210 2313 
 210 2338 
 210 2361 
 210 2368 
 210 2370 
 210 2373 
 210 2397 
 210 2410 
 210 2431 
 210 2438 
 210 2455 
 210 2484 
 210 2495 
 210 2499 
 210 2518 
 210 2525 
 210 2553 
 210 2584 
 210 2590 
 210 2591 
 210 2633 
 211 1112 
 211 2092 
 211 2093 
 213 1439 
 213 1476 
 214 847 
 214 848 
 214 850 
 214 854 
 214 957 
 214 963 
 214 970 
 214 1033 
 214 1034 
 214 1035 
 214 1312 
 214 1450 
 214 1465 
 214 1470 
 214 1471 
 214 1472 
 214 1476 
 214 1562 
 214 2149 
 214 2254 
 214 2255 
 214 2256 
 216 847 
 216 848 
 216 850 
 216 854 
 216 957 
 216 963 
 216 970 
 216 1033 
 216 1034 
 216 1035 
 216 1036 
 216 1450 
 216 1465 
 216 1470 
 216 1471 
 216 1472 
 216 1476 
 216 1562 
 216 2137 
 216 2254 
 216 2255 
 216 2256 
 216 2305 
 216 2308 
 217 1657 
 217 2129 
 220 808 
 220 892 
 220 935 
 220 950 
 220 1055 
 220 1975 
 220 2023 
 220 2024 
 220 2080 
 220 2266 
 220 2539 
 221 1657 
 222 2092 
 222 2093 
 222 2603 
 223 810 
 223 1739 
 224 1050 
 224 1052 
 224 2539 
 226 1017 
 226 1192 
 226 1198 
 226 1483 
 226 1944 
 226 2261 
 226 2371 
 227 771 
 227 847 
 227 850 
 227 854 
 227 957 
 227 963 
 227 970 
 227 1034 
 227 1035 
 227 1450 
 227 1470 
 227 1471 
 227 1562 
 227 1778 
 227 2137 
 227 2254 
 227 2255 
 227 2256 
 229 771 
 229 974 
 229 976 
 229 982 
 229 1451 
 229 1465 
 229 1466 
 229 1467 
 229 1470 
 229 1471 
 229 1472 
 229 1476 
 229 1562 
 229 2205 
 229 2256 
 229 2258 
 231 2092 
 231 2093 
 232 951 
 232 952 
 232 957 
 232 963 
 232 970 
 232 1465 
 232 2254 
 232 2264 
 233 771 
 233 1450 
 233 2254 
 233 2255 
 233 2256 
 234 1471 
 234 2093 
 234 2254 
 234 2400 
 234 2401 
 234 2402 
 236 1102 
 236 1118 
 236 1425 
 236 1517 
 236 1518 
 236 2075 
 236 2092 
 236 2093 
 236 2362 
 236 2508 
 236 2600 
 238 951 
 238 952 
 238 957 
 238 963 
 238 970 
 238 974 
 238 976 
 238 1033 
 238 1034 
 238 1035 
 238 1036 
 238 1037 
 238 1450 
 238 1465 
 238 1466 
 238 1467 
 238 1470 
 238 1471 
 238 1472 
 238 1476 
 238 2137 
 239 951 
 239 952 
 239 957 
 239 970 
 239 976 
 239 1471 
 239 1472 
 239 1562 
 239 1660 
 239 2255 
 239 2256 
 240 917 
 240 1622 
 240 1626 
 240 1912 
 240 1918 
 240 2014 
 240 2207 
 241 771 
 241 963 
 241 974 
 241 976 
 241 982 
 241 1471 
 241 2254 
 241 2255 
 244 771 
 244 957 
 244 963 
 244 970 
 244 1033 
 244 1034 
 244 1035 
 244 1434 
 244 1465 
 244 1470 
 244 1471 
 244 1472 
 244 1473 
 244 1474 
 244 1562 
 244 2256 
 245 1175 
 245 1313 
 246 1351 
 246 1352 
 246 1354 
 247 1562 
 247 2043 
 248 1775 
 248 1776 
 248 1778 
 249 974 
 249 976 
 249 982 
 250 1425 
 250 1441 
 250 1562 
 252 801 
 252 936 
 252 950 
 252 1055 
 252 1077 
 252 1163 
 252 1179 
 252 1219 
 252 1224 
 252 1228 
 252 1287 
 252 1470 
 252 1533 
 252 1552 
 252 1586 
 252 1599 
 252 1620 
 252 1767 
 252 1818 
 252 1856 
 252 1858 
 252 1873 
 252 1886 
 252 1975 
 252 2029 
 252 2031 
 252 2032 
 252 2097 
 252 2128 
 252 2223 
 252 2256 
 252 2266 
 252 2286 
 252 2313 
 252 2370 
 252 2399 
 252 2400 
 252 2401 
 252 2402 
 252 2410 
 252 2431 
 252 2591 
 252 2611 
 252 2636 
 253 1033 
 253 1562 
 253 1886 
 253 2405 
 254 771 
 254 847 
 254 848 
 254 850 
 254 957 
 254 963 
 254 970 
 254 1033 
 254 1034 
 254 1035 
 254 1036 
 254 1037 
 254 1228 
 254 1450 
 254 1465 
 254 1470 
 254 1471 
 254 1472 
 254 1476 
 254 1562 
 254 1571 
 254 1775 
 254 1776 
 254 1778 
 254 1886 
 254 2254 
 254 2255 
 254 2256 
 257 1479 
 258 1146 
 259 2178 
 259 2179 
 260 951 
 260 952 
 260 957 
 260 963 
 260 970 
 260 2254 
 261 771 
 261 847 
 261 848 
 261 850 
 261 854 
 261 957 
 261 963 
 261 970 
 261 982 
 261 1033 
 261 1034 
 261 1035 
 261 1036 
 261 1055 
 261 1228 
 261 1313 
 261 1450 
 261 1470 
 261 1471 
 261 1472 
 261 1476 
 261 1562 
 261 1775 
 261 1776 
 261 1778 
 261 1886 
 261 2137 
 261 2254 
 261 2255 
 261 2256 
 261 2292 
 261 2315 
 263 791 
 263 1434 
 263 1483 
 263 1886 
 264 1017 
 264 1192 
 264 2261 
 264 2371 
 265 1224 
 265 1583 
 266 1562 
 268 771 
 268 798 
 268 1775 
 268 1776 
 268 1778 
 270 1093 
 270 1095 
 270 1454 
 270 1471 
 270 1536 
 270 2256 
 270 2611 
 271 771 
 271 952 
 271 957 
 271 963 
 271 970 
 271 1033 
 271 1034 
 271 1035 
 271 1036 
 271 1450 
 271 1465 
 271 1467 
 271 1470 
 271 1471 
 271 1472 
 271 1562 
 271 2254 
 271 2255 
 271 2256 
 273 957 
 273 963 
 273 1035 
 273 1132 
 273 1470 
 273 1471 
 273 1472 
 273 1554 
 273 1562 
 273 1674 
 273 1886 
 273 2256 
 273 2264 
 273 2405 
 275 952 
 275 957 
 275 963 
 275 970 
 275 974 
 275 976 
 275 982 
 275 987 
 275 1033 
 275 1409 
 275 1425 
 275 1451 
 275 1630 
 275 2254 
 276 1465 
 276 1466 
 276 1467 
 276 1468 
 276 1469 
 276 1470 
 276 1472 
 276 1473 
 276 1475 
 276 1476 
 276 1975 
 277 847 
 277 848 
 277 850 
 277 854 
 277 1033 
 278 2315 
 278 2316 
 279 1483 
 279 1657 
 279 2129 
 280 771 
 280 798 
 280 847 
 280 848 
 280 850 
 280 854 
 280 917 
 280 957 
 280 963 
 280 974 
 280 982 
 280 1016 
 280 1033 
 280 1034 
 280 1035 
 280 1036 
 280 1055 
 280 1086 
 280 1093 
 280 1095 
 280 1096 
 280 1228 
 280 1470 
 280 1471 
 280 1472 
 280 1476 
 280 1562 
 280 1599 
 280 1775 
 280 1776 
 280 1778 
 280 1885 
 280 1886 
 280 2092 
 280 2254 
 280 2255 
 280 2256 
 280 2315 
 281 771 
 281 847 
 281 848 
 281 850 
 281 854 
 281 951 
 281 952 
 281 957 
 281 963 
 281 970 
 281 1033 
 281 1034 
 281 1035 
 281 1036 
 281 1037 
 281 1055 
 281 1228 
 281 1450 
 281 1465 
 281 1466 
 281 1467 
 281 1468 
 281 1470 
 281 1471 
 281 1472 
 281 1475 
 281 1476 
 281 1562 
 281 1776 
 281 1899 
 281 2023 
 281 2137 
 281 2205 
 281 2254 
 281 2255 
 281 2256 
 281 2405 
 282 981 
 282 1102 
 282 2419 
 283 2264 
 284 1058 
 284 1181 
 284 1383 
 285 1536 
 287 1010 
 288 771 
 288 951 
 288 952 
 288 957 
 288 963 
 288 970 
 288 1450 
 288 1465 
 288 1468 
 288 1470 
 288 1471 
 288 1472 
 288 1562 
 289 1093 
 289 1312 
 289 1451 
 289 1462 
 289 1483 
 289 1536 
 289 1630 
 289 1661 
 289 1674 
 289 1886 
 289 2180 
 289 2186 
 289 2337 
 289 2386 
 290 1341 
 290 2399 
 290 2400 
 290 2401 
 290 2402 
 291 847 
 291 848 
 291 957 
 291 963 
 291 970 
 291 974 
 291 976 
 291 1033 
 291 1034 
 291 1035 
 291 1037 
 291 1228 
 291 1465 
 291 1466 
 291 1467 
 291 1468 
 291 1469 
 291 1470 
 291 1471 
 291 1472 
 291 1475 
 291 1476 
 291 1536 
 291 1599 
 292 957 
 294 2399 
 294 2400 
 294 2401 
 294 2402 
 296 951 
 296 952 
 296 957 
 296 970 
 296 1034 
 296 1035 
 296 1465 
 297 1775 
 297 1776 
 297 1778 
 297 1886 
 298 1536 
 299 1118 
 299 2092 
 299 2093 
 299 2508 
 299 2600 
 300 951 
 300 952 
 300 957 
 300 963 
 300 970 
 300 1033 
 300 1034 
 300 1035 
 300 1036 
 300 1037 
 300 1230 
 300 1409 
 300 1425 
 300 1445 
 300 1465 
 300 1466 
 300 1467 
 300 1470 
 300 1471 
 300 1472 
 300 1562 
 300 2386 
 301 771 
 301 847 
 301 848 
 301 850 
 301 854 
 301 957 
 301 1221 
 301 1312 
 301 1562 
 301 1785 
 301 2254 
 301 2255 
 301 2256 
 301 2315 
 303 1093 
 303 1371 
 303 1425 
 303 1536 
 303 1885 
 303 2256 
 305 1010 
 306 952 
 307 917 
 307 1834 
 308 1033 
 308 1450 
 308 2254 
 308 2255 
 308 2256 
 311 771 
 311 847 
 311 848 
 311 951 
 311 952 
 311 957 
 311 963 
 311 970 
 311 974 
 311 976 
 311 1033 
 311 1034 
 311 1035 
 311 1036 
 311 1037 
 311 1313 
 311 1450 
 311 1465 
 311 1466 
 311 1467 
 311 1468 
 311 1469 
 311 1470 
 311 1471 
 311 1472 
 311 1475 
 311 1476 
 311 1562 
 311 1975 
 311 2256 
 311 2321 
 312 1371 
 312 1425 
 312 1536 
 312 1742 
 313 847 
 313 848 
 313 850 
 313 854 
 314 2092 
 314 2093 
 315 1450 
 315 1975 
 315 2266 
 316 916 
 316 1173 
 316 1465 
 316 1472 
 316 1626 
 316 1627 
 316 2254 
 316 2255 
 318 1425 
 318 1471 
 318 2023 
 318 2131 
 318 2132 
 318 2133 
 318 2159 
 318 2160 
 318 2161 
 318 2180 
 318 2181 
 318 2182 
 319 917 
 319 935 
 319 957 
 319 970 
 319 1055 
 319 1086 
 319 1093 
 319 1095 
 319 1131 
 319 1220 
 319 1228 
 319 1409 
 319 1462 
 319 1471 
 319 1472 
 319 1483 
 319 1536 
 319 1599 
 319 1652 
 319 1657 
 319 1761 
 319 1796 
 319 2023 
 319 2024 
 319 2093 
 319 2161 
 319 2256 
 320 2256 
 321 950 
 321 970 
 321 1536 
 321 1657 
 321 1660 
 321 1975 
 321 2266 
 321 2510 
 323 1312 
 323 1334 
 323 1536 
 323 2352 
 323 2470 
 323 2510 
 324 2399 
 324 2400 
 324 2401 
 324 2402 
 327 1173 
 327 1281 
 327 1626 
 327 1627 
 327 2255 
 327 2507 
 328 1093 
 328 1095 
 328 1096 
 328 1097 
 328 1371 
 328 1435 
 328 1536 
 328 2256 
 328 2264 
 328 2265 
 328 2305 
 329 1012 
 329 1425 
 329 2075 
 329 2092 
 329 2093 
 329 2508 
 330 2092 
 330 2093 
 330 2508 
 330 2600 
 332 791 
 332 849 
 332 1425 
 332 2023 
 332 2399 
 332 2400 
 333 916 
 333 957 
 333 963 
 333 970 
 334 2131 
 334 2132 
 334 2133 
 335 916 
 335 957 
 335 1033 
 335 1034 
 335 1037 
 335 1281 
 335 1409 
 337 771 
 337 847 
 337 848 
 337 850 
 337 854 
 337 1035 
 337 1470 
 337 1471 
 337 1472 
 337 1476 
 339 1657 
 340 1451 
 340 2399 
 340 2400 
 340 2401 
 340 2402 
 341 847 
 341 848 
 341 850 
 341 854 
 342 847 
 342 848 
 342 850 
 342 854 
 343 914 
 343 1524 
 343 1525 
 344 1201 
 344 1538 
 344 2092 
 345 1562 
 345 1775 
 345 1776 
 345 1778 
 345 1886 
 346 2092 
 346 2093 
 347 1471 
 347 1472 
 347 2092 
 347 2254 
 348 2399 
 348 2400 
 348 2401 
 348 2402 
 349 1807 
 349 2511 
 350 855 
 350 888 
 350 957 
 350 963 
 350 976 
 350 1033 
 350 1034 
 350 1035 
 350 1036 
 350 1038 
 350 1112 
 350 1221 
 350 1409 
 350 1445 
 350 1462 
 350 1476 
 350 1536 
 350 1742 
 350 1776 
 350 1778 
 350 1918 
 350 1942 
 350 2024 
 350 2255 
 350 2367 
 350 2386 
 350 2468 
 350 2554 
 351 1536 
 351 1626 
 352 1232 
 352 1233 
 352 1234 
 352 1236 
 353 771 
 353 798 
 353 848 
 353 850 
 353 952 
 353 957 
 353 963 
 353 970 
 353 1033 
 353 1034 
 353 1035 
 353 1036 
 353 1312 
 353 1450 
 353 1465 
 353 1470 
 353 1472 
 353 1476 
 353 1562 
 353 1886 
 353 2437 
 354 1033 
 354 1093 
 354 1095 
 354 1220 
 354 1371 
 354 1536 
 354 1658 
 354 1776 
 354 1778 
 354 1885 
 354 2539 
 356 771 
 356 976 
 356 1035 
 356 1450 
 356 1471 
 356 1562 
 356 1775 
 356 1776 
 356 1778 
 356 1886 
 356 2256 
 356 2325 
 358 771 
 358 963 
 358 974 
 358 976 
 358 1033 
 358 1035 
 358 1055 
 358 1228 
 358 1409 
 358 1562 
 358 1599 
 358 2254 
 358 2255 
 358 2256 
 358 2399 
 358 2400 
 358 2401 
 358 2402 
 359 1536 
 360 771 
 360 846 
 360 1206 
 360 1562 
 360 1657 
 360 2129 
 361 1775 
 361 1776 
 361 1778 
 362 1630 
 364 848 
 364 850 
 364 952 
 364 957 
 364 963 
 364 970 
 364 1033 
 364 1034 
 364 1035 
 364 1036 
 364 1221 
 364 1435 
 364 1450 
 364 1465 
 364 1470 
 364 1472 
 364 1476 
 364 1562 
 365 1664 
 366 957 
 366 963 
 366 970 
 366 1112 
 366 1220 
 366 1409 
 366 1445 
 366 1907 
 366 2254 
 366 2255 
 367 1320 
 367 1371 
 367 1515 
 367 1536 
 367 1658 
 367 2314 
 368 1102 
 368 2093 
 368 2362 
 368 2399 
 368 2400 
 368 2600 
 369 807 
 369 813 
 369 1807 
 369 1841 
 369 1853 
 369 1855 
 369 2511 
 370 974 
 370 976 
 370 982 
 370 1470 
 370 1742 
 371 2399 
 371 2400 
 371 2401 
 371 2402 
 372 2092 
 372 2093 
 373 976 
 373 987 
 374 1970 
 374 1984 
 377 950 
 377 1272 
 377 1661 
 377 1664 
 377 1975 
 377 2264 
 377 2265 
 377 2266 
 379 2399 
 379 2400 
 379 2401 
 379 2402 
 380 1473 
 380 1562 
 380 1975 
 380 2266 
 381 1232 
 381 1233 
 381 1234 
 381 1236 
 381 2082 
 384 1304 
 384 1387 
 384 1396 
 384 2386 
 385 950 
 385 1471 
 385 1473 
 385 1562 
 385 1975 
 385 2266 
 386 2087 
 387 771 
 387 952 
 387 1450 
 387 1466 
 387 1473 
 387 1562 
 387 2254 
 387 2255 
 387 2256 
 389 1627 
 389 2399 
 389 2400 
 389 2401 
 389 2402 
 390 2264 
 390 2310 
 391 2264 
 392 771 
 393 875 
 393 876 
 393 1304 
 393 1493 
 393 1582 
 393 2085 
 393 2086 
 393 2087 
 393 2089 
 395 847 
 395 848 
 395 850 
 395 854 
 395 957 
 395 963 
 395 1033 
 395 1035 
 395 1450 
 395 1470 
 395 1471 
 395 1472 
 395 1476 
 396 1562 
 396 1775 
 396 1776 
 396 1777 
 396 1778 
 398 963 
 398 1425 
 398 2264 
 398 2265 
 398 2266 
 399 2085 
 399 2086 
 399 2087 
 400 847 
 400 848 
 400 850 
 400 854 
 400 957 
 400 1033 
 400 1034 
 400 1035 
 400 1036 
 400 1409 
 400 1445 
 400 1450 
 400 1465 
 400 1470 
 400 1472 
 400 1476 
 400 1562 
 401 846 
 401 847 
 401 848 
 401 850 
 401 854 
 401 957 
 401 963 
 401 970 
 401 1033 
 401 1034 
 401 1035 
 401 1037 
 401 1221 
 401 1450 
 401 1470 
 401 1471 
 401 1472 
 401 1476 
 401 2254 
 401 2255 
 401 2256 
 402 854 
 402 951 
 402 952 
 402 957 
 402 963 
 402 970 
 402 1465 
 402 1466 
 402 1467 
 402 1468 
 402 1470 
 402 1471 
 402 1472 
 402 1476 
 403 2399 
 403 2400 
 404 974 
 404 976 
 404 982 
 404 1035 
 404 1562 
 405 1012 
 405 1118 
 405 1425 
 405 2023 
 405 2092 
 405 2093 
 405 2362 
 405 2508 
 408 2092 
 408 2093 
 411 1465 
 411 1466 
 411 1467 
 412 1465 
 412 1466 
 412 1467 
 412 1470 
 412 1472 
 413 1776 
 413 1778 
 414 974 
 414 976 
 414 982 
 414 1299 
 414 1465 
 414 1466 
 414 1467 
 414 1470 
 414 1471 
 416 2092 
 416 2093 
 417 957 
 417 963 
 417 970 
 418 791 
 418 1010 
 418 1038 
 418 1041 
 418 1313 
 418 1334 
 418 1594 
 418 1944 
 419 1471 
 419 1473 
 419 1562 
 420 846 
 420 951 
 420 952 
 420 1450 
 420 1483 
 420 1562 
 421 899 
 421 1401 
 421 1594 
 422 767 
 422 813 
 422 1033 
 422 1807 
 422 1841 
 422 1852 
 422 2118 
 422 2266 
 422 2511 
 423 1093 
 423 1095 
 423 1371 
 423 1435 
 423 1536 
 423 2254 
 423 2255 
 423 2256 
 423 2266 
 423 2305 
 425 1687 
 425 1688 
 426 1657 
 426 2129 
 427 974 
 427 976 
 427 982 
 427 1034 
 427 1035 
 429 916 
 429 1033 
 429 1034 
 429 1035 
 429 1036 
 429 1037 
 429 1230 
 429 1281 
 429 1409 
 429 1425 
 429 1451 
 429 1465 
 429 1687 
 429 1688 
 429 2254 
 429 2255 
 430 1657 
 430 2129 
 431 2092 
 433 2411 
 435 1465 
 435 1466 
 435 1467 
 436 2399 
 436 2400 
 436 2401 
 436 2402 
 437 974 
 437 976 
 437 1312 
 438 1341 
 440 1118 
 440 1517 
 440 2092 
 440 2093 
 440 2600 
 443 791 
 443 2509 
 445 957 
 445 963 
 445 970 
 445 1470 
 445 1471 
 445 1472 
 446 847 
 447 2399 
 447 2400 
 447 2401 
 447 2402 
 449 807 
 449 2539 
 449 2584 
 449 2646 
 450 1524 
 450 1525 
 450 1536 
 450 1944 
 451 2602 
 453 1038 
 453 1050 
 454 950 
 454 1425 
 454 1483 
 454 1536 
 454 1918 
 454 1975 
 454 2351 
 454 2611 
 455 2400 
 455 2600 
 455 2603 
 456 848 
 456 1657 
 457 847 
 457 848 
 457 850 
 457 854 
 457 1562 
 457 2205 
 458 957 
 458 963 
 458 1626 
 458 1627 
 459 1117 
 459 1118 
 459 1470 
 459 1472 
 459 1562 
 459 1941 
 459 1944 
 459 2255 
 461 1366 
 463 1118 
 463 1517 
 463 2092 
 463 2093 
 463 2600 
 464 1562 
 464 2405 
 464 2406 
 464 2407 
 466 771 
 466 847 
 466 848 
 466 850 
 466 854 
 466 1035 
 466 1471 
 466 1562 
 466 2254 
 466 2255 
 468 974 
 468 976 
 468 982 
 468 987 
 468 1312 
 468 1409 
 468 1425 
 468 1630 
 469 1471 
 469 1687 
 469 1688 
 471 1232 
 471 1233 
 471 1234 
 472 771 
 472 847 
 472 848 
 472 850 
 472 854 
 472 957 
 472 963 
 472 970 
 472 1033 
 472 1034 
 472 1035 
 472 1281 
 472 1450 
 472 1470 
 472 1471 
 472 1472 
 472 1476 
 472 2043 
 472 2137 
 472 2254 
 472 2256 
 473 847 
 473 848 
 473 850 
 473 854 
 473 1450 
 474 1312 
 474 1483 
 474 2178 
 474 2179 
 475 771 
 475 847 
 475 850 
 475 854 
 475 1055 
 475 1228 
 475 1562 
 475 2254 
 475 2593 
 477 791 
 477 1334 
 477 1434 
 479 1467 
 479 1470 
 479 1471 
 479 1472 
 479 1473 
 479 1474 
 479 1483 
 481 1554 
 482 899 
 482 1131 
 482 1144 
 482 1264 
 482 2394 
 482 2425 
 482 2539 
 483 847 
 484 1304 
 484 2083 
 484 2085 
 484 2086 
 484 2087 
 484 2089 
 484 2262 
 485 1018 
 485 2254 
 485 2255 
 485 2602 
 486 1112 
 486 1434 
 486 1849 
 487 1536 
 488 848 
 488 850 
 488 952 
 488 957 
 488 963 
 488 970 
 488 1034 
 488 1035 
 488 1036 
 488 1313 
 488 1425 
 488 1450 
 488 1465 
 488 1467 
 488 1470 
 488 1472 
 488 1476 
 488 1562 
 488 1571 
 488 1594 
 488 1775 
 488 1776 
 488 1778 
 488 1886 
 488 2547 
 490 847 
 490 848 
 490 850 
 490 854 
 490 957 
 490 963 
 490 970 
 490 1035 
 490 1409 
 490 1415 
 490 1435 
 490 1470 
 490 1594 
 490 1657 
 490 2043 
 490 2254 
 492 1536 
 493 847 
 493 848 
 493 850 
 493 914 
 493 917 
 493 957 
 493 963 
 493 974 
 493 982 
 493 998 
 493 1033 
 493 1034 
 493 1035 
 493 1036 
 493 1041 
 493 1228 
 493 1378 
 493 1462 
 493 1470 
 493 1471 
 493 1472 
 493 1476 
 493 1527 
 493 1775 
 493 1776 
 493 1778 
 493 1886 
 493 2254 
 493 2255 
 493 2256 
 493 2315 
 494 813 
 494 1536 
 494 1562 
 494 1841 
 494 1844 
 494 2511 
 495 771 
 495 847 
 495 848 
 495 850 
 495 854 
 495 957 
 495 963 
 495 1450 
 495 1470 
 495 1471 
 495 1472 
 495 1562 
 495 2137 
 495 2254 
 495 2255 
 495 2256 
 496 914 
 496 1033 
 496 1112 
 496 1313 
 496 1315 
 496 1409 
 496 1425 
 496 1470 
 496 1472 
 496 1555 
 496 1571 
 496 1630 
 496 1698 
 496 2367 
 496 2386 
 496 2405 
 496 2406 
 497 771 
 497 798 
 497 847 
 497 848 
 497 850 
 497 854 
 497 957 
 497 963 
 497 1033 
 497 1034 
 497 1035 
 497 1036 
 497 1086 
 497 1145 
 497 1228 
 497 1470 
 497 1471 
 497 1472 
 497 1476 
 497 1562 
 497 1775 
 497 1776 
 497 1778 
 497 1886 
 497 2177 
 497 2254 
 497 2255 
 497 2256 
 497 2336 
 497 2337 
 497 2367 
 500 1102 
 501 1313 
 501 2281 
 501 2282 
 502 771 
 502 847 
 502 848 
 502 850 
 502 914 
 502 917 
 502 957 
 502 963 
 502 974 
 502 982 
 502 998 
 502 1033 
 502 1034 
 502 1035 
 502 1036 
 502 1462 
 502 1470 
 502 1471 
 502 1472 
 502 1476 
 502 1527 
 502 1562 
 502 1664 
 502 1761 
 502 1762 
 502 1775 
 502 1776 
 502 1778 
 502 2254 
 502 2255 
 502 2256 
 502 2315 
 503 1536 
 503 1885 
 504 1627 
 504 1941 
 504 1944 
 504 2397 
 504 2400 
 504 2509 
 505 1661 
 507 957 
 507 963 
 507 970 
 507 974 
 507 976 
 507 982 
 507 1033 
 507 1034 
 507 1035 
 507 1470 
 507 1471 
 507 1472 
 507 1476 
 507 1562 
 507 1886 
 507 2254 
 507 2255 
 507 2256 
 507 2266 
 508 1409 
 509 1201 
 510 2259 
 510 2600 
 510 2603 
 511 771 
 511 847 
 511 848 
 511 850 
 511 854 
 511 957 
 511 963 
 511 970 
 511 1033 
 511 1034 
 511 1035 
 511 1312 
 511 1450 
 511 1465 
 511 1470 
 511 1471 
 511 1472 
 511 1476 
 511 1562 
 511 2137 
 511 2254 
 511 2256 
 512 1035 
 513 2399 
 513 2400 
 513 2401 
 513 2402 
 515 952 
 515 957 
 515 1034 
 515 1450 
 515 1465 
 515 1470 
 515 1472 
 515 1536 
 515 1886 
 515 2254 
 515 2255 
 515 2256 
 515 2509 
 516 847 
 516 848 
 516 850 
 516 854 
 516 952 
 516 957 
 516 1033 
 516 1034 
 516 1312 
 516 1450 
 516 1465 
 516 1466 
 516 1470 
 516 1472 
 516 1562 
 516 2205 
 516 2254 
 516 2255 
 516 2256 
 516 2264 
 517 862 
 517 2254 
 517 2255 
 517 2256 
 520 951 
 520 952 
 520 957 
 520 963 
 520 970 
 522 1844 
 524 1465 
 524 1536 
 524 1626 
 524 1627 
 527 847 
 527 848 
 527 850 
 527 854 
 527 957 
 527 1035 
 527 1450 
 527 1470 
 527 1471 
 527 1472 
 527 2255 
 528 1047 
 528 1221 
 528 1371 
 528 1483 
 528 1497 
 528 1536 
 529 771 
 529 974 
 529 976 
 529 982 
 529 1033 
 529 1470 
 529 1471 
 529 1472 
 529 1476 
 529 1562 
 529 1886 
 529 2205 
 529 2254 
 529 2255 
 530 1336 
 530 1775 
 530 1776 
 530 1778 
 531 957 
 531 963 
 531 970 
 531 1034 
 531 1035 
 531 1435 
 531 1450 
 531 1470 
 531 1471 
 531 1472 
 531 1562 
 531 1776 
 531 1778 
 531 1975 
 531 2254 
 531 2256 
 531 2266 
 532 1371 
 532 1536 
 533 951 
 533 952 
 533 957 
 533 963 
 533 970 
 533 1033 
 533 1034 
 533 1035 
 533 1036 
 533 1037 
 533 1465 
 533 1466 
 533 1467 
 533 1470 
 533 1471 
 533 1472 
 533 1476 
 533 1562 
 536 974 
 536 976 
 537 2399 
 537 2400 
 537 2401 
 537 2402 
 538 1562 
 538 2205 
 539 1312 
 540 1010 
 540 1103 
 540 1615 
 540 2147 
 542 1975 
 543 951 
 543 952 
 543 957 
 543 963 
 543 970 
 543 974 
 543 976 
 543 1033 
 543 1034 
 543 1035 
 543 1036 
 543 1037 
 543 1425 
 543 1465 
 543 1466 
 543 1467 
 543 1470 
 543 1471 
 543 1472 
 543 1476 
 543 1594 
 543 1886 
 545 974 
 545 976 
 545 982 
 546 847 
 546 848 
 546 950 
 546 1055 
 546 1086 
 546 1228 
 546 1263 
 546 1334 
 546 1451 
 546 1472 
 546 1483 
 546 1536 
 546 1562 
 546 1594 
 546 1630 
 546 1674 
 546 1742 
 546 1899 
 546 1975 
 546 2023 
 546 2227 
 546 2254 
 546 2322 
 546 2352 
 547 1232 
 547 1233 
 547 1234 
 547 1235 
 547 1236 
 547 1237 
 549 1778 
 550 771 
 550 974 
 550 976 
 550 982 
 550 2256 
 551 1000 
 551 1451 
 551 2012 
 551 2600 
 551 2603 
 555 2281 
 555 2282 
 556 1369 
 556 2405 
 558 771 
 558 847 
 558 848 
 558 850 
 558 854 
 558 951 
 558 952 
 558 957 
 558 963 
 558 970 
 558 974 
 558 976 
 558 1033 
 558 1034 
 558 1035 
 558 1036 
 558 1037 
 558 1450 
 558 1465 
 558 1466 
 558 1467 
 558 1468 
 558 1469 
 558 1470 
 558 1471 
 558 1472 
 558 1475 
 558 1476 
 558 1562 
 558 2254 
 558 2256 
 558 2321 
 560 1562 
 562 957 
 562 1034 
 562 1035 
 562 1470 
 562 1471 
 562 1472 
 562 1473 
 562 1474 
 564 1033 
 564 1055 
 564 1220 
 564 1228 
 564 1409 
 564 1451 
 564 1599 
 564 2227 
 566 847 
 566 848 
 566 850 
 566 854 
 566 951 
 566 952 
 566 957 
 566 963 
 566 970 
 566 974 
 566 976 
 566 1033 
 566 1034 
 566 1035 
 566 1036 
 566 1037 
 566 1450 
 566 1465 
 566 1466 
 566 1467 
 566 1468 
 566 1470 
 566 1471 
 566 1472 
 566 1473 
 566 1475 
 566 1476 
 566 1562 
 566 1886 
 566 2006 
 566 2254 
 566 2255 
 566 2256 
 567 846 
 567 847 
 567 848 
 567 850 
 567 854 
 567 1033 
 567 1034 
 567 1035 
 567 1036 
 567 1037 
 567 1450 
 567 1470 
 569 791 
 569 1334 
 569 2362 
 570 771 
 570 847 
 570 848 
 570 850 
 570 854 
 570 952 
 570 957 
 570 963 
 570 970 
 570 1033 
 570 1034 
 570 1035 
 570 1450 
 570 1470 
 570 1471 
 570 1472 
 570 1476 
 570 1562 
 570 2254 
 570 2255 
 570 2256 
 571 1409 
 571 1562 
 571 2205 
 571 2405 
 577 753 
 577 787 
 577 801 
 577 802 
 577 834 
 577 835 
 577 935 
 577 936 
 577 940 
 577 941 
 577 944 
 577 958 
 577 1025 
 577 1055 
 577 1058 
 577 1072 
 577 1073 
 577 1074 
 577 1075 
 577 1077 
 577 1078 
 577 1079 
 577 1081 
 577 1082 
 577 1083 
 577 1086 
 577 1087 
 577 1088 
 577 1151 
 577 1158 
 577 1159 
 577 1160 
 577 1163 
 577 1174 
 577 1178 
 577 1179 
 577 1180 
 577 1219 
 577 1224 
 577 1228 
 577 1261 
 577 1287 
 577 1296 
 577 1340 
 577 1417 
 577 1548 
 577 1549 
 577 1583 
 577 1586 
 577 1599 
 577 1608 
 577 1609 
 577 1620 
 577 1645 
 577 1646 
 577 1655 
 577 1678 
 577 1699 
 577 1736 
 577 1767 
 577 1792 
 577 1818 
 577 1823 
 577 1839 
 577 1856 
 577 1858 
 577 1870 
 577 1873 
 577 1942 
 577 1986 
 577 2002 
 577 2011 
 577 2030 
 577 2034 
 577 2035 
 577 2037 
 577 2096 
 577 2097 
 577 2123 
 577 2128 
 577 2149 
 577 2223 
 577 2260 
 577 2263 
 577 2268 
 577 2280 
 577 2285 
 577 2286 
 577 2299 
 577 2300 
 577 2302 
 577 2313 
 577 2317 
 577 2322 
 577 2324 
 577 2326 
 577 2329 
 577 2330 
 577 2368 
 577 2370 
 577 2389 
 577 2393 
 577 2397 
 577 2410 
 577 2432 
 577 2438 
 577 2482 
 577 2489 
 577 2491 
 577 2495 
 577 2525 
 577 2556 
 577 2562 
 577 2564 
 577 2576 
 577 2581 
 577 2584 
 577 2594 
 577 2598 
 577 2606 
 577 2613 
 577 2623 
 577 2633 
 578 1055 
 578 1086 
 578 1087 
 578 1088 
 578 1562 
 578 1858 
 578 1894 
 578 1895 
 578 1904 
 578 2037 
 578 2039 
 578 2149 
 578 2302 
 578 2397 
 578 2525 
 578 2584 
 578 2633 
 579 848 
 579 951 
 579 952 
 579 957 
 579 963 
 579 970 
 579 974 
 579 976 
 579 1033 
 579 1034 
 579 1035 
 579 1036 
 579 1037 
 579 1450 
 579 1465 
 579 1466 
 579 1467 
 579 1468 
 579 1470 
 579 1471 
 579 1472 
 579 1475 
 579 1476 
 579 1562 
 579 2137 
 579 2256 
 579 2321 
 580 750 
 580 752 
 580 753 
 580 754 
 580 756 
 580 760 
 580 772 
 580 784 
 580 787 
 580 794 
 580 801 
 580 802 
 580 803 
 580 821 
 580 824 
 580 829 
 580 831 
 580 834 
 580 835 
 580 837 
 580 840 
 580 853 
 580 867 
 580 879 
 580 881 
 580 884 
 580 930 
 580 936 
 580 941 
 580 943 
 580 944 
 580 946 
 580 947 
 580 948 
 580 949 
 580 958 
 580 1001 
 580 1002 
 580 1040 
 580 1055 
 580 1066 
 580 1073 
 580 1075 
 580 1076 
 580 1078 
 580 1080 
 580 1082 
 580 1083 
 580 1090 
 580 1091 
 580 1127 
 580 1150 
 580 1151 
 580 1158 
 580 1159 
 580 1160 
 580 1161 
 580 1163 
 580 1166 
 580 1167 
 580 1171 
 580 1172 
 580 1174 
 580 1178 
 580 1179 
 580 1180 
 580 1181 
 580 1204 
 580 1211 
 580 1212 
 580 1214 
 580 1219 
 580 1224 
 580 1228 
 580 1261 
 580 1279 
 580 1280 
 580 1287 
 580 1306 
 580 1308 
 580 1340 
 580 1344 
 580 1362 
 580 1373 
 580 1417 
 580 1497 
 580 1531 
 580 1532 
 580 1533 
 580 1545 
 580 1547 
 580 1548 
 580 1549 
 580 1562 
 580 1583 
 580 1586 
 580 1597 
 580 1599 
 580 1619 
 580 1620 
 580 1631 
 580 1633 
 580 1635 
 580 1637 
 580 1645 
 580 1646 
 580 1647 
 580 1654 
 580 1656 
 580 1678 
 580 1693 
 580 1698 
 580 1736 
 580 1764 
 580 1765 
 580 1766 
 580 1767 
 580 1792 
 580 1801 
 580 1823 
 580 1833 
 580 1839 
 580 1856 
 580 1858 
 580 1869 
 580 1882 
 580 1888 
 580 1921 
 580 1922 
 580 1925 
 580 1954 
 580 1989 
 580 1991 
 580 1999 
 580 2002 
 580 2010 
 580 2011 
 580 2014 
 580 2016 
 580 2028 
 580 2031 
 580 2032 
 580 2034 
 580 2035 
 580 2036 
 580 2037 
 580 2038 
 580 2040 
 580 2067 
 580 2094 
 580 2096 
 580 2097 
 580 2105 
 580 2123 
 580 2149 
 580 2152 
 580 2158 
 580 2172 
 580 2173 
 580 2174 
 580 2175 
 580 2223 
 580 2229 
 580 2263 
 580 2267 
 580 2280 
 580 2287 
 580 2288 
 580 2298 
 580 2299 
 580 2300 
 580 2302 
 580 2303 
 580 2304 
 580 2317 
 580 2322 
 580 2338 
 580 2361 
 580 2370 
 580 2373 
 580 2393 
 580 2397 
 580 2408 
 580 2410 
 580 2438 
 580 2443 
 580 2449 
 580 2450 
 580 2453 
 580 2455 
 580 2456 
 580 2457 
 580 2473 
 580 2474 
 580 2475 
 580 2477 
 580 2479 
 580 2480 
 580 2483 
 580 2484 
 580 2491 
 580 2495 
 580 2499 
 580 2501 
 580 2518 
 580 2522 
 580 2526 
 580 2542 
 580 2553 
 580 2555 
 580 2558 
 580 2566 
 580 2567 
 580 2576 
 580 2579 
 580 2583 
 580 2584 
 580 2587 
 580 2590 
 580 2591 
 580 2613 
 580 2616 
 580 2629 
 580 2630 
 580 2633 
 580 2636 
 580 2639 
 580 2640 
 580 2643 
 581 860 
 581 862 
 582 1907 
 582 2602 
 583 2092 
 583 2093 
 584 976 
 590 2400 
 591 1316 
 591 1905 
 591 2012 
 591 2600 
 591 2603 
 592 2012 
 592 2600 
 592 2603 
 595 1975 
 595 2266 
 596 1038 
 603 1465 
 605 1626 
 605 1627 
 607 951 
 607 952 
 607 957 
 607 963 
 607 970 
 607 1034 
 607 1035 
 607 1465 
 607 1466 
 607 1467 
 607 1468 
 607 1469 
 607 1470 
 607 1471 
 607 1472 
 607 1476 
 607 2256 
 608 1944 
 609 1070 
 609 1483 
 609 1517 
 609 1536 
 609 1550 
 609 2161 
 609 2265 
 611 1657 
 611 2129 
 612 1450 
 613 850 
 613 957 
 613 970 
 613 1035 
 613 1093 
 613 1371 
 613 1470 
 613 1536 
 613 1776 
 613 1778 
 613 2254 
 613 2255 
 613 2256 
 614 974 
 614 976 
 615 808 
 615 1337 
 615 2080 
 617 1409 
 617 1425 
 617 1630 
 619 1536 
 622 1232 
 622 1233 
 622 1234 
 622 1236 
 627 967 
 627 2258 
 627 2646 
 631 847 
 631 848 
 631 850 
 631 1562 
 631 2205 
 631 2405 
 634 1446 
 636 1033 
 637 848 
 637 1834 
 637 1926 
 638 2043 
 639 952 
 639 957 
 639 963 
 639 970 
 639 1034 
 639 1035 
 639 1036 
 639 1450 
 639 1465 
 639 1470 
 639 1472 
 639 1476 
 640 2137 
 641 1034 
 641 1035 
 642 1034 
 642 1035 
 643 847 
 643 848 
 643 850 
 643 854 
 643 957 
 643 1450 
 643 1472 
 643 1476 
 643 2539 
 646 1626 
 646 1627 
 647 935 
 647 2093 
 648 1845 
 648 1846 
 648 1847 
 649 967 
 649 1229 
 650 735 
 650 736 
 650 807 
 650 1047 
 650 1418 
 650 1419 
 650 1857 
 650 2013 
 650 2433 
 650 2472 
 650 2535 
 650 2627 
 650 2632 
 650 2634 
 652 1536 
 652 1942 
 652 2401 
 653 1341 
 653 2092 
 653 2093 
 653 2362 
 654 1093 
 654 1095 
 654 1536 
 654 2256 
 655 998 
 655 1462 
 655 1908 
 657 771 
 657 847 
 657 850 
 657 854 
 657 899 
 657 957 
 657 963 
 657 970 
 657 1033 
 657 1034 
 657 1035 
 657 1425 
 657 1450 
 657 1470 
 657 1471 
 657 1472 
 657 1562 
 657 1571 
 657 1775 
 657 1776 
 657 1778 
 657 2254 
 657 2255 
 657 2256 
 657 2404 
 657 2545 
 657 2546 
 657 2547 
 658 957 
 658 963 
 658 970 
 658 974 
 658 976 
 658 1034 
 658 1035 
 658 1036 
 658 1313 
 658 1450 
 658 1465 
 658 1466 
 658 1467 
 658 1468 
 658 1470 
 658 1471 
 658 1476 
 658 1483 
 658 1562 
 658 1571 
 658 1594 
 658 1777 
 658 2256 
 658 2321 
 659 848 
 659 850 
 660 1555 
 660 1562 
 661 1465 
 661 1562 
 661 2205 
 662 835 
 662 935 
 662 936 
 662 940 
 662 1058 
 662 1072 
 662 1073 
 662 1074 
 662 1075 
 662 1077 
 662 1078 
 662 1079 
 662 1081 
 662 1082 
 662 1083 
 662 1163 
 662 1179 
 662 1219 
 662 1224 
 662 1228 
 662 1287 
 662 1340 
 662 1417 
 662 1548 
 662 1562 
 662 1586 
 662 1599 
 662 1620 
 662 1765 
 662 1766 
 662 1767 
 662 1818 
 662 1839 
 662 1856 
 662 1858 
 662 1873 
 662 2029 
 662 2030 
 662 2031 
 662 2032 
 662 2037 
 662 2097 
 662 2128 
 662 2149 
 662 2223 
 662 2280 
 662 2286 
 662 2302 
 662 2325 
 662 2338 
 662 2370 
 662 2397 
 662 2399 
 662 2400 
 662 2401 
 662 2402 
 662 2410 
 662 2431 
 662 2623 
 663 1030 
 663 1129 
 663 1955 
 664 1230 
 664 2241 
 664 2549 
 666 2254 
 666 2255 
 666 2256 
 667 771 
 667 847 
 667 848 
 667 957 
 667 963 
 667 970 
 667 1033 
 667 1034 
 667 1035 
 667 1036 
 667 1037 
 667 1450 
 667 1465 
 667 1466 
 667 1467 
 667 1470 
 667 1472 
 667 1476 
 667 2254 
 667 2255 
 668 957 
 668 963 
 668 970 
 668 1465 
 669 1580 
 669 1581 
 669 2050 
 669 2569 
 670 1999 
 670 2000 
 670 2003 
 670 2005 
 670 2006 
 671 850 
 671 974 
 671 976 
 671 1035 
 672 2539 
 673 1845 
 673 1846 
 673 1847 
 674 1033 
 674 1034 
 674 1035 
 674 1036 
 674 1037 
 675 760 
 675 784 
 675 801 
 675 831 
 675 834 
 675 835 
 675 881 
 675 935 
 675 936 
 675 940 
 675 944 
 675 958 
 675 1055 
 675 1058 
 675 1068 
 675 1072 
 675 1073 
 675 1074 
 675 1075 
 675 1076 
 675 1077 
 675 1078 
 675 1079 
 675 1082 
 675 1083 
 675 1086 
 675 1087 
 675 1088 
 675 1158 
 675 1159 
 675 1160 
 675 1161 
 675 1163 
 675 1174 
 675 1178 
 675 1179 
 675 1180 
 675 1181 
 675 1214 
 675 1219 
 675 1221 
 675 1224 
 675 1228 
 675 1261 
 675 1287 
 675 1306 
 675 1340 
 675 1344 
 675 1417 
 675 1533 
 675 1583 
 675 1586 
 675 1599 
 675 1619 
 675 1620 
 675 1646 
 675 1647 
 675 1682 
 675 1767 
 675 1792 
 675 1818 
 675 1823 
 675 1856 
 675 1858 
 675 1873 
 675 1888 
 675 1925 
 675 1986 
 675 1989 
 675 2002 
 675 2027 
 675 2034 
 675 2035 
 675 2037 
 675 2096 
 675 2123 
 675 2149 
 675 2172 
 675 2175 
 675 2223 
 675 2263 
 675 2280 
 675 2285 
 675 2302 
 675 2304 
 675 2322 
 675 2325 
 675 2326 
 675 2338 
 675 2368 
 675 2373 
 675 2397 
 675 2410 
 675 2438 
 675 2489 
 675 2491 
 675 2499 
 675 2525 
 675 2556 
 675 2584 
 675 2606 
 675 2613 
 675 2616 
 675 2623 
 675 2633 
 676 846 
 676 916 
 676 1450 
 676 2137 
 677 848 
 677 850 
 677 952 
 677 957 
 677 963 
 677 970 
 677 974 
 677 976 
 677 1033 
 677 1034 
 677 1035 
 677 1036 
 677 1450 
 677 1465 
 677 1466 
 677 1467 
 677 1468 
 677 1469 
 677 1470 
 677 1472 
 677 1476 
 677 1555 
 677 1562 
 677 1886 
 677 2256 
 677 2321 
 678 847 
 678 848 
 678 850 
 678 854 
 678 952 
 678 957 
 678 963 
 678 970 
 678 1033 
 678 1034 
 678 1035 
 678 1036 
 678 1450 
 678 1465 
 678 1467 
 678 1468 
 678 1469 
 678 1470 
 678 1471 
 678 1472 
 678 1476 
 678 2137 
 678 2254 
 678 2255 
 678 2256 
 679 767 
 679 899 
 679 1562 
 679 1674 
 679 2593 
 681 1030 
 682 1778 
 682 2254 
 683 914 
 683 917 
 684 847 
 684 848 
 684 850 
 684 854 
 684 951 
 684 952 
 684 957 
 684 963 
 684 970 
 684 974 
 684 976 
 684 1033 
 684 1034 
 684 1035 
 684 1036 
 684 1037 
 684 1450 
 684 1465 
 684 1466 
 684 1467 
 684 1468 
 684 1470 
 684 1472 
 684 1473 
 684 1476 
 684 2255 
 684 2256 
 684 2321 
 685 2399 
 685 2400 
 685 2401 
 685 2402 
 686 1050 
 686 1052 
 687 1775 
 687 1776 
 687 1778 
 687 2405 
 688 957 
 688 970 
 688 1034 
 688 1035 
 688 1036 
 688 1466 
 688 1467 
 688 1470 
 688 1471 
 688 1476 
 689 870 
 689 2251 
 689 2252 
 690 1030 
 690 1955 
 691 753 
 691 760 
 691 784 
 691 801 
 691 802 
 691 834 
 691 835 
 691 840 
 691 936 
 691 958 
 691 1083 
 691 1150 
 691 1151 
 691 1158 
 691 1159 
 691 1160 
 691 1161 
 691 1163 
 691 1166 
 691 1174 
 691 1178 
 691 1179 
 691 1180 
 691 1181 
 691 1184 
 691 1214 
 691 1219 
 691 1224 
 691 1228 
 691 1287 
 691 1296 
 691 1417 
 691 1497 
 691 1533 
 691 1548 
 691 1549 
 691 1583 
 691 1586 
 691 1599 
 691 1608 
 691 1609 
 691 1619 
 691 1620 
 691 1633 
 691 1644 
 691 1647 
 691 1654 
 691 1655 
 691 1656 
 691 1736 
 691 1767 
 691 1833 
 691 1839 
 691 1856 
 691 1858 
 691 1870 
 691 1904 
 691 2029 
 691 2031 
 691 2032 
 691 2037 
 691 2038 
 691 2040 
 691 2094 
 691 2096 
 691 2097 
 691 2123 
 691 2128 
 691 2149 
 691 2162 
 691 2223 
 691 2229 
 691 2263 
 691 2280 
 691 2285 
 691 2286 
 691 2300 
 691 2302 
 691 2304 
 691 2313 
 691 2325 
 691 2330 
 691 2338 
 691 2361 
 691 2366 
 691 2368 
 691 2370 
 691 2397 
 691 2410 
 691 2431 
 691 2438 
 691 2491 
 691 2495 
 691 2501 
 691 2518 
 691 2522 
 691 2525 
 691 2584 
 691 2594 
 691 2598 
 691 2613 
 691 2633 
 691 2638 
 692 1470 
 692 1471 
 692 1472 
 692 1687 
 692 1688 
 693 750 
 693 753 
 693 760 
 693 784 
 693 787 
 693 794 
 693 802 
 693 803 
 693 821 
 693 829 
 693 831 
 693 834 
 693 835 
 693 837 
 693 879 
 693 880 
 693 881 
 693 884 
 693 936 
 693 940 
 693 941 
 693 943 
 693 944 
 693 958 
 693 1025 
 693 1055 
 693 1058 
 693 1068 
 693 1072 
 693 1073 
 693 1074 
 693 1075 
 693 1077 
 693 1078 
 693 1079 
 693 1080 
 693 1081 
 693 1082 
 693 1083 
 693 1086 
 693 1087 
 693 1088 
 693 1127 
 693 1150 
 693 1151 
 693 1163 
 693 1166 
 693 1171 
 693 1174 
 693 1179 
 693 1180 
 693 1212 
 693 1214 
 693 1219 
 693 1224 
 693 1228 
 693 1261 
 693 1280 
 693 1287 
 693 1296 
 693 1306 
 693 1308 
 693 1340 
 693 1362 
 693 1373 
 693 1417 
 693 1533 
 693 1545 
 693 1548 
 693 1549 
 693 1586 
 693 1599 
 693 1619 
 693 1620 
 693 1635 
 693 1644 
 693 1645 
 693 1646 
 693 1647 
 693 1654 
 693 1656 
 693 1678 
 693 1682 
 693 1698 
 693 1736 
 693 1764 
 693 1765 
 693 1766 
 693 1767 
 693 1792 
 693 1798 
 693 1800 
 693 1801 
 693 1818 
 693 1823 
 693 1833 
 693 1839 
 693 1856 
 693 1858 
 693 1870 
 693 1873 
 693 1882 
 693 1888 
 693 1918 
 693 1921 
 693 1989 
 693 2002 
 693 2003 
 693 2005 
 693 2010 
 693 2011 
 693 2016 
 693 2028 
 693 2034 
 693 2035 
 693 2036 
 693 2037 
 693 2038 
 693 2039 
 693 2094 
 693 2097 
 693 2123 
 693 2149 
 693 2158 
 693 2173 
 693 2174 
 693 2175 
 693 2223 
 693 2229 
 693 2267 
 693 2268 
 693 2280 
 693 2285 
 693 2298 
 693 2299 
 693 2302 
 693 2313 
 693 2317 
 693 2322 
 693 2324 
 693 2325 
 693 2338 
 693 2368 
 693 2370 
 693 2373 
 693 2389 
 693 2393 
 693 2397 
 693 2398 
 693 2408 
 693 2410 
 693 2432 
 693 2438 
 693 2450 
 693 2456 
 693 2457 
 693 2473 
 693 2474 
 693 2477 
 693 2480 
 693 2491 
 693 2500 
 693 2525 
 693 2562 
 693 2576 
 693 2598 
 693 2613 
 693 2616 
 693 2629 
 693 2630 
 693 2633 
 693 2639 
 693 2640 
 694 1034 
 694 1035 
 694 1450 
 694 1465 
 694 1474 
 694 2256 
 695 1115 
 695 1116 
 695 1117 
 695 1118 
 695 1120 
 695 1121 
 695 1941 
 695 1942 
 695 1944 
 696 771 
 696 957 
 696 1450 
 696 1470 
 696 1471 
 696 1472 
 696 1562 
 696 2255 
 696 2256 
 697 952 
 697 957 
 697 963 
 697 970 
 697 1465 
 697 1466 
 697 1467 
 697 1468 
 698 916 
 699 2254 
 699 2256 
 701 1371 
 701 1536 
 702 916 
 702 951 
 702 952 
 702 957 
 702 963 
 702 970 
 703 2539 
 704 1936 
 708 2399 
 708 2400 
 708 2401 
 708 2402 
 710 888 
 710 2367 
 710 2416 
 711 1445 
 711 1462 
 711 2521 
 712 2094 
 713 847 
 713 848 
 713 850 
 713 854 
 713 1450 
 713 1562 
 714 974 
 714 976 
 714 982 
 714 1470 
 714 1471 
 715 974 
 715 976 
 715 982 
 717 957 
 717 970 
 718 1102 
 718 2238 
 718 2269 
 720 1048 
 720 1049 
 720 2514 
 722 750 
 722 753 
 722 760 
 722 761 
 722 772 
 722 787 
 722 801 
 722 802 
 722 803 
 722 879 
 722 881 
 722 898 
 722 930 
 722 941 
 722 948 
 722 949 
 722 1001 
 722 1002 
 722 1025 
 722 1040 
 722 1066 
 722 1073 
 722 1080 
 722 1083 
 722 1091 
 722 1158 
 722 1166 
 722 1171 
 722 1204 
 722 1212 
 722 1214 
 722 1224 
 722 1228 
 722 1261 
 722 1280 
 722 1306 
 722 1308 
 722 1344 
 722 1362 
 722 1373 
 722 1382 
 722 1383 
 722 1506 
 722 1533 
 722 1547 
 722 1548 
 722 1549 
 722 1586 
 722 1597 
 722 1599 
 722 1619 
 722 1644 
 722 1645 
 722 1698 
 722 1737 
 722 1764 
 722 1765 
 722 1766 
 722 1839 
 722 1888 
 722 1904 
 722 1918 
 722 1925 
 722 1989 
 722 1994 
 722 2005 
 722 2022 
 722 2029 
 722 2034 
 722 2035 
 722 2036 
 722 2067 
 722 2094 
 722 2097 
 722 2123 
 722 2149 
 722 2152 
 722 2158 
 722 2172 
 722 2173 
 722 2229 
 722 2263 
 722 2267 
 722 2286 
 722 2287 
 722 2300 
 722 2304 
 722 2317 
 722 2361 
 722 2370 
 722 2389 
 722 2397 
 722 2438 
 722 2450 
 722 2453 
 722 2455 
 722 2456 
 722 2457 
 722 2477 
 722 2484 
 722 2500 
 722 2501 
 722 2553 
 722 2583 
 722 2584 
 722 2587 
 722 2590 
 722 2591 
 722 2598 
 722 2613 
 722 2616 
 722 2629 
 722 2630 
 722 2636 
 722 2643 
 723 1543 
 723 1583 
 723 2128 
 723 2286 
 723 2397 
 724 847 
 724 1030 
 724 1129 
 725 1084 
 725 1313 
 725 1583 
 725 2286 
 725 2397 
 726 761 
 726 1158 
 726 1179 
 726 1224 
 726 1383 
 726 1583 
 726 1586 
 726 2149 
 726 2280 
 726 2397 
 727 2251 
 727 2252 
 728 831 
 728 935 
 728 944 
 728 1040 
 728 1055 
 728 1083 
 728 1086 
 728 1087 
 728 1088 
 728 1179 
 728 1219 
 728 1224 
 728 1306 
 728 1340 
 728 1344 
 728 1417 
 728 1533 
 728 1599 
 728 1647 
 728 1888 
 728 2002 
 728 2031 
 728 2032 
 728 2037 
 728 2223 
 728 2280 
 728 2302 
 728 2368 
 728 2397 
 728 2484 
 728 2499 
 728 2525 
 728 2591 
 728 2633 
 729 1050 
 729 1052 
 730 771 
 730 798 
 730 952 
 730 1368 
 730 1450 
 730 1562 
 731 847 
 731 848 
 731 850 
 731 854 
 731 1033 
 731 1034 
 731 1035 
 731 1465 
 731 1470 
 731 1472 
 731 1473 
