 3145 383 
 851 102 
 2980 700 
 3229 941 
 3007 789 
 3666 269 
 2948 385 
 3146 652 
 2304 557 
 577 173 
 1818 64 
 3241 153 
 270 874 
 2204 314 
 1612 53 
 1551 259 
 2856 18 
 3279 928 
 601 481 
 1597 80 
 1480 842 
 1583 819 
 185 169 
 3523 102 
 2816 118 
 3882 269 
 1509 463 
 2756 696 
 1368 340 
 3726 153 
 2067 250 
 1571 619 
 2205 505 
 1716 670 
 647 928 
 3946 59 
 2302 138 
 2457 92 
 3046 922 
 1214 270 
 3148 649 
 3213 18 
 1971 664 
 3672 694 
 2873 559 
 3627 563 
 1190 631 
 2372 938 
 947 839 
 3622 53 
 3800 430 
 2788 269 
 3399 102 
 812 930 
 2843 739 
 3455 269 
 111 66 
 2892 719 
 1866 58 
 3235 557 
 1072 453 
 1019 728 
 4051 282 
 1641 744 
 2447 557 
 205 928 
 2846 430 
 2035 834 
 2478 660 
 3333 617 
 3376 173 
 1085 259 
 1866 742 
 1716 778 
 2547 559 
 3403 228 
 2226 388 
 181 631 
 3782 196 
 1095 294 
 3462 219 
 4190 599 
 1943 153 
 794 743 
 622 79 
 1991 542 
 385 331 
 306 153 
 2094 577 
 2869 195 
 5 638 
 2978 384 
 830 58 
 170 599 
 3247 928 
 1679 631 
 4195 664 
 620 694 
 641 475 
 1619 453 
 3840 158 
 2474 587 
 3637 121 
 1117 106 
 1824 631 
 2355 512 
 3607 478 
 3665 156 
 3882 819 
 3090 58 
 582 520 
 2682 33 
 18 742 
 1912 146 
 1365 741 
 2980 328 
 1020 269 
 451 169 
 2496 580 
 1932 835 
 1060 349 
 540 563 
 3062 393 
 2608 295 
 1032 650 
 1276 855 
 1457 715 
 1141 388 
 2978 510 
 4094 451 
 2496 451 
 411 855 
 3622 574 
 3266 510 
 2430 325 
 1362 146 
 3223 227 
 3888 831 
 1749 579 
 3942 627 
 88 806 
 533 627 
 3125 930 
 1429 129 
 3344 928 
 2546 933 
 3485 708 
 596 259 
 2270 92 
 4183 259 
 435 433 
 4024 56 
 293 860 
 50 349 
 2697 130 
 201 158 
 1027 811 
 3031 520 
 1548 439 
 1474 656 
 2317 693 
 1431 146 
 4091 448 
 2567 821 
 1391 177 
 2 686 
 2963 72 
 2669 259 
 3455 281 
 3877 694 
 3392 798 
 2509 169 
 2452 117 
 3209 262 
 1150 767 
 1797 323 
 327 903 
 3032 879 
 2394 855 
 469 678 
 2435 451 
 464 644 
 920 452 
 1146 767 
 2246 451 
 1574 753 
 220 680 
 2805 783 
 560 533 
 3366 874 
 1418 229 
 4103 259 
 402 156 
 6 767 
 448 384 
 3211 490 
 3701 701 
 1470 744 
 3603 512 
 3888 39 
 3115 259 
 3201 708 
 1825 153 
 569 938 
 4224 857 
 3123 730 
 2614 855 
 609 56 
 1198 241 
 624 374 
 1241 45 
 4105 385 
 1102 577 
 1823 169 
 784 155 
 3361 726 
 2411 777 
 3062 266 
 4171 3 
 2041 269 
 2526 456 
 900 879 
 4066 469 
 1836 726 
 1573 349 
 1045 287 
 2290 543 
 3605 557 
 3745 678 
 1992 925 
 3764 767 
 2016 842 
 578 631 
 2435 61 
 273 453 
 2784 277 
 1621 679 
 214 855 
 1430 855 
 1596 874 
 1872 842 
 1839 349 
 983 186 
 4193 343 
 1891 928 
 2515 942 
 3503 54 
 2024 922 
 4086 188 
 2878 170 
 418 38 
 1932 173 
 3460 631 
 1860 804 
 1703 690 
 217 38 
 2756 121 
 1442 783 
 2897 269 
 704 116 
 1987 914 
 170 430 
 3932 468 
 3337 368 
 1744 879 
 2506 81 
 1024 542 
 518 586 
 564 102 
 3123 460 
 2490 459 
 2768 393 
 1829 631 
 1980 800 
 2301 223 
 768 92 
 2449 834 
 389 557 
 1757 181 
 41 557 
 1031 780 
 3384 533 
 4204 681 
 2350 146 
 2685 184 
 527 471 
 356 681 
 2839 806 
 1110 281 
 3204 684 
 633 153 
 91 164 
 2296 325 
 252 566 
 3984 153 
 1457 58 
 3199 563 
 341 158 
 1136 102 
 1425 153 
 2865 495 
 1677 104 
 2447 678 
 1307 563 
 632 675 
 2022 203 
 1055 819 
 3716 270 
 3085 744 
 124 631 
 1768 146 
 1933 89 
 3909 107 
 1946 751 
 2793 708 
 1322 109 
 1383 102 
 4195 109 
 2821 882 
 2836 903 
 3851 748 
 3565 58 
 1206 753 
 3438 855 
 3701 681 
 1033 549 
 4159 942 
 3317 678 
 1691 588 
 547 818 
 244 928 
 521 430 
 1277 480 
 1580 543 
 3357 708 
 2246 384 
 1470 715 
 2990 453 
 1788 549 
 631 572 
 1517 563 
 1664 102 
 834 385 
 481 569 
 2895 675 
 652 109 
 3396 116 
 3745 789 
 4239 81 
 3555 855 
 313 72 
 2836 874 
 3092 428 
 4230 486 
 379 478 
 1805 602 
 3374 310 
 435 368 
 1596 490 
 2855 259 
 492 360 
 2274 855 
 974 708 
 3559 631 
 4193 628 
 4193 295 
 4010 120 
 2178 126 
 2812 13 
 3475 716 
 1093 109 
 1336 466 
 3541 904 
 1638 560 
 3048 195 
 2518 855 
 3933 184 
 1301 920 
 1200 842 
 1471 577 
 3366 770 
 225 721 
 906 770 
 3928 288 
 781 425 
 251 401 
 244 128 
 1013 521 
 2788 819 
 246 796 
 3179 156 
 3359 386 
 4074 259 
 208 669 
 2968 206 
 2674 259 
 1641 742 
 1659 385 
 826 225 
 2227 683 
 2954 269 
 3334 406 
 551 914 
 1969 281 
 2600 187 
 542 324 
 981 753 
 3043 806 
 4143 520 
 1410 388 
 2921 66 
 204 104 
 3195 269 
 1265 583 
 2563 486 
 2327 563 
 1781 855 
 4079 433 
 2785 95 
 784 878 
 3536 627 
 3759 436 
 884 252 
 2411 444 
 1866 744 
 1659 835 
 87 490 
 827 563 
 2484 281 
 3172 169 
 804 102 
 593 741 
 3970 741 
 1129 54 
 612 533 
 1759 631 
 4108 821 
 2745 76 
 2711 61 
 1207 767 
 524 533 
 3327 325 
 2852 895 
 1063 694 
 3389 146 
 2343 517 
 887 631 
 3217 708 
 3695 522 
 1782 59 
 2625 842 
 1580 900 
 2978 789 
 1596 770 
 2747 730 
 1951 855 
 1400 583 
 903 388 
 87 58 
 3192 937 
 1082 529 
 2881 241 
 2221 834 
 227 58 
 170 906 
 3240 855 
 2212 533 
 4094 557 
 3641 453 
 3574 388 
 1226 45 
 2721 684 
 2903 450 
 1861 3 
 3588 18 
 3574 153 
 2100 73 
 2064 481 
 2574 819 
 2180 819 
 3382 742 
 285 563 
 3680 708 
 3150 109 
 3317 510 
 156 778 
 1171 615 
 416 778 
 3609 173 
 2309 886 
 2483 796 
 2025 153 
 1370 291 
 2891 170 
 724 773 
 2083 386 
 3934 855 
 4056 908 
 2827 725 
 2340 524 
 2711 510 
 2805 159 
 2176 153 
 71 583 
 3890 281 
 1141 325 
 3459 879 
 3873 38 
 1248 785 
 2023 102 
 3127 434 
 67 725 
 3106 259 
 466 825 
 356 430 
 4159 585 
 1470 490 
 604 937 
 1308 59 
 1655 535 
 3024 551 
 425 61 
 2779 374 
 1724 767 
 5 136 
 1237 451 
 2431 871 
 3079 138 
 789 815 
 2112 805 
 2689 942 
 3020 461 
 2995 855 
 2711 678 
 1301 514 
 76 420 
 3660 269 
 1689 930 
 2500 59 
 2157 436 
 2776 263 
 588 448 
 2978 557 
 3526 741 
 1314 233 
 3217 281 
 2304 451 
 929 281 
 368 137 
 87 874 
 3356 631 
 3660 281 
 2878 165 
 1716 705 
 1317 748 
 3809 259 
 3339 695 
 3709 361 
 4213 855 
 3701 225 
 3797 692 
 680 490 
 287 708 
 3523 627 
 1725 855 
 1820 627 
 1153 627 
 3453 631 
 585 545 
 127 675 
 2526 76 
 2978 451 
 2156 133 
 1132 340 
 3938 717 
 2491 138 
 2539 631 
 1296 325 
 2729 886 
 1229 259 
 1872 563 
 1576 42 
 1255 880 
 4207 300 
 575 834 
 1458 102 
 827 842 
 2521 785 
 3673 631 
 1794 325 
 4204 902 
 987 563 
 3019 146 
 408 520 
 521 177 
 420 796 
 3359 806 
 4124 486 
 3741 481 
 1577 255 
 3875 138 
 2969 403 
 466 889 
 3353 512 
 2051 419 
 3288 705 
 2044 481 
 1934 310 
 655 58 
 2012 753 
 1525 486 
 1259 632 
 1544 138 
 3333 674 
 3869 269 
 1815 146 
 576 0 
 3743 141 
 1374 147 
 2255 627 
 4138 153 
 488 694 
 270 903 
 3391 250 
 3303 184 
 3211 874 
 3283 528 
 2550 694 
 2697 6 
 3222 349 
 3 778 
 387 269 
 3517 153 
 37 726 
 1311 680 
 1747 928 
 3591 184 
 491 708 
 3361 536 
 3819 855 
 1822 804 
 1948 102 
 3211 742 
 3088 520 
 1846 563 
 4011 101 
 1420 146 
 3333 704 
 3217 819 
 2674 282 
 2768 360 
 550 419 
 882 166 
 820 842 
 2447 45 
 938 478 
 192 102 
 581 269 
 2763 819 
 2246 789 
 2478 123 
 433 388 
 2688 12 
 1234 520 
 80 940 
 3745 385 
 4142 928 
 129 169 
 1299 549 
 2346 13 
 2212 675 
 3531 325 
 3663 138 
 3826 563 
 227 874 
 1292 421 
 2659 223 
 3143 285 
 1641 58 
 2135 102 
 3333 231 
 2994 942 
 642 128 
 2080 59 
 2136 92 
 3455 708 
 3317 580 
 3131 880 
 3393 542 
 222 138 
 4060 282 
 492 144 
 226 259 
 4155 128 
 2339 644 
 3337 551 
 1632 93 
 348 716 
 2645 664 
 506 295 
 2246 690 
 283 392 
 1641 490 
 2678 651 
 2325 855 
 3873 650 
 3865 81 
 1963 715 
 936 753 
 3885 855 
 611 482 
 3754 488 
 3266 690 
 621 230 
 4118 577 
 2602 650 
 3525 615 
 3790 855 
 692 694 
 1412 796 
 2181 451 
 3542 403 
 270 715 
 2411 272 
 837 839 
 1995 650 
 3888 292 
 550 430 
 2205 54 
 1151 649 
 520 855 
 2895 109 
 3603 223 
 696 469 
 502 784 
 2840 490 
 3550 214 
 2171 456 
 3317 789 
 1985 296 
 906 742 
 2782 18 
 3122 918 
 2176 325 
 3633 484 
 810 521 
 3918 175 
 906 490 
 1134 801 
 2065 269 
 3435 559 
 4076 66 
 3430 143 
 259 453 
 4146 13 
 2763 269 
 1017 102 
 4051 834 
 4159 244 
 3252 694 
 1666 250 
 2295 368 
 3879 670 
 1500 137 
 1183 687 
 550 701 
 2447 384 
 3146 608 
 445 128 
 2272 533 
 2155 879 
 3464 388 
 2047 715 
 3882 708 
 861 360 
 951 241 
 955 631 
 1876 537 
 1773 121 
 2192 855 
 3100 607 
 3086 430 
 2862 708 
 3372 153 
 1997 855 
 2697 920 
 784 274 
 3034 138 
 4159 241 
 1391 599 
 3574 325 
 2417 289 
 963 329 
 3838 182 
 4092 874 
 2249 694 
 2242 780 
 1912 325 
 2179 710 
 749 102 
 3170 934 
 1053 102 
 4263 767 
 1114 842 
 4218 102 
 2351 834 
 491 281 
 1089 650 
 525 880 
 2345 451 
 3984 325 
 1316 474 
 1265 627 
 2191 904 
 2307 819 
 858 446 
 3691 349 
 1422 208 
 2969 906 
 899 725 
 2153 5 
 567 627 
 743 928 
 144 647 
 34 855 
 1301 919 
 525 198 
 1177 545 
 1130 102 
 2216 308 
 1030 209 
 3125 917 
 3888 805 
 998 144 
 509 146 
 430 585 
 2398 819 
 2711 690 
 2524 3 
 2836 770 
 2460 748 
 487 669 
 3366 742 
 1933 865 
 772 102 
 223 885 
 2323 580 
 3089 533 
 2979 95 
 2326 834 
 3892 247 
 2674 520 
 3312 223 
 1556 922 
 3211 58 
 4054 855 
 3695 294 
 1155 431 
 2869 675 
 3376 580 
 3212 767 
 3031 675 
 3806 102 
 2651 851 
 1745 488 
 2854 647 
 1490 585 
 160 560 
 2840 874 
 433 146 
 1268 246 
 3084 586 
 3469 675 
 270 770 
 975 72 
 2881 650 
 2231 325 
 3803 650 
 4204 748 
 585 289 
 1237 789 
 3871 773 
 4073 381 
 2161 855 
 3546 631 
 4209 153 
 2204 750 
 602 738 
 3788 102 
 2328 439 
 3653 184 
 628 880 
 1006 724 
 897 868 
 381 342 
 1681 356 
 18 715 
 231 899 
 2999 579 
 338 293 
 3553 928 
 253 308 
 3790 520 
 3417 842 
 1050 388 
 359 478 
 1949 121 
 1967 559 
 3670 259 
 1129 932 
 4157 715 
 3565 742 
 2697 704 
 118 638 
 771 533 
 791 513 
 174 195 
 2078 66 
 676 349 
 1528 102 
 3846 928 
 1829 259 
 3844 922 
 3732 223 
 4115 681 
 1311 853 
 548 834 
 2414 153 
 4106 250 
 2727 221 
 2312 627 
 2840 770 
 2478 63 
 3877 695 
 3461 160 
 1718 259 
 2878 206 
 4084 675 
 3780 855 
 2027 607 
 652 675 
 3009 564 
 1542 642 
 1860 836 
 503 708 
 220 853 
 2478 619 
 1250 281 
 929 708 
 2839 386 
 1254 136 
 3433 585 
 979 281 
 2745 456 
 3048 664 
 1568 512 
 1845 281 
 1564 430 
 2563 76 
 1406 664 
 2112 292 
 834 790 
 3393 903 
 424 80 
 998 760 
 2883 846 
 3148 805 
 416 774 
 4177 225 
 1586 153 
 149 179 
 3368 388 
 170 403 
 4059 860 
 3701 599 
 550 599 
 3211 715 
 74 631 
 3702 279 
 4038 678 
 244 59 
 2783 425 
 975 852 
 931 678 
 1176 767 
 2467 532 
 3938 392 
 3143 649 
 4157 874 
 4092 58 
 425 690 
 4250 650 
 3206 938 
 903 325 
 632 109 
 1350 158 
 2553 13 
 2712 310 
 1561 921 
 1731 433 
 2766 532 
 3140 259 
 2370 307 
 2170 1 
 1055 269 
 541 701 
 2528 817 
 3567 729 
 3382 903 
 3633 292 
 699 18 
 2851 926 
 2839 26 
 676 842 
 1624 563 
 3858 360 
 655 770 
 3503 505 
 1058 490 
 680 903 
 1391 225 
 534 478 
 2244 259 
 1981 102 
 1463 855 
 1326 708 
 951 942 
 3066 138 
 3479 120 
 4036 153 
 850 153 
 3014 136 
 3047 297 
 970 705 
 254 625 
 3178 259 
 285 842 
 775 773 
 2261 819 
 710 410 
 1960 767 
 2459 59 
 2937 259 
 3333 868 
 3074 93 
 2343 630 
 1659 173 
 2225 425 
 1482 677 
 2890 773 
 2430 146 
 3043 336 
 3349 928 
 4091 67 
 306 325 
 1259 109 
 2784 817 
 2334 694 
 2323 451 
 978 259 
 31 855 
 1687 880 
 3120 667 
 1612 883 
 1963 58 
 1172 244 
 2975 349 
 2774 695 
 503 281 
 577 557 
 4160 708 
 586 824 
 3786 838 
 2941 388 
 334 102 
 94 678 
 1617 842 
 3092 341 
 850 388 
 2697 514 
 3129 512 
 3462 922 
 2478 108 
 4066 352 
 1674 216 
 1605 418 
 1716 121 
 1530 430 
 1423 708 
 1301 231 
 1769 610 
 1427 631 
 362 585 
 4246 505 
 2943 627 
 3657 808 
 2805 585 
 59 259 
 2601 92 
 3466 642 
 603 874 
 417 809 
 3090 742 
 1241 384 
 1147 696 
 2308 337 
 763 708 
 869 349 
 2107 770 
 3679 579 
 2891 165 
 1761 773 
 1766 102 
 2462 563 
 1216 121 
 3228 583 
 3680 819 
 177 187 
 3556 153 
 3617 325 
 1352 559 
 834 61 
 2392 574 
 3299 431 
 374 259 
 4110 581 
 4092 742 
 1791 895 
 2231 146 
 2000 938 
 1746 708 
 2678 778 
 1362 388 
 87 742 
 2324 179 
 218 941 
 867 83 
 2106 319 
 2128 770 
 616 515 
 2112 831 
 797 102 
 2942 138 
 2026 902 
 2779 910 
 3759 778 
 512 846 
 1757 574 
 77 868 
 1920 128 
 2353 938 
 2246 61 
 2014 158 
 2848 678 
 2834 59 
 462 377 
 1946 131 
 3376 61 
 3189 282 
 1029 879 
 745 942 
 888 928 
 2821 782 
 163 829 
 2385 368 
 2450 269 
 3077 933 
 3087 134 
 1602 179 
 1860 399 
 2075 465 
 3365 251 
 532 371 
 2128 744 
 2779 36 
 1666 554 
 468 213 
 36 138 
 810 712 
 3700 941 
 128 870 
 3305 158 
 1983 269 
 3376 45 
 722 664 
 1716 774 
 1768 349 
 4163 269 
 3150 533 
 1548 196 
 3363 855 
 151 891 
 2856 259 
 1066 778 
 325 796 
 2645 675 
 2978 580 
 2784 701 
 88 386 
 521 419 
 1599 446 
 3429 577 
 3154 281 
 2678 705 
 2074 607 
 1317 430 
 2969 748 
 4241 693 
 2266 702 
 55 855 
 3053 453 
 2308 53 
 3633 285 
 1641 770 
 1054 764 
 2748 138 
 1604 557 
 1549 394 
 1011 922 
 2157 840 
 115 281 
 554 631 
 824 808 
 2845 942 
 19 928 
 4221 821 
 84 879 
 2206 900 
 3249 481 
 1276 282 
 319 708 
 2011 281 
 2226 146 
 1845 708 
 1001 481 
 1798 282 
 1728 773 
 662 834 
 3206 153 
 277 684 
 195 631 
 901 217 
 4168 569 
 770 95 
 1474 516 
 1859 767 
 459 493 
 3501 627 
 4099 37 
 2647 855 
 2041 819 
 812 110 
 680 874 
 504 767 
 2484 269 
 707 819 
 360 92 
 1943 388 
 2838 708 
 3726 146 
 1965 559 
 3682 195 
 2223 146 
 2094 359 
 3837 938 
 1975 102 
 594 338 
 1744 72 
 3251 13 
 672 627 
 1772 933 
 3221 512 
 3903 488 
 3205 259 
 3490 184 
 3715 842 
 2287 66 
 886 310 
 2607 583 
 1434 557 
 3498 646 
 646 147 
 784 754 
 188 52 
 2437 642 
 3735 478 
 3007 45 
 3971 579 
 1342 823 
 4209 388 
 2932 693 
 4153 577 
 3729 579 
 1393 259 
 2803 559 
 3605 510 
 1848 720 
 2051 701 
 4190 419 
 3538 583 
 1177 188 
 1417 128 
 3816 564 
 1701 13 
 3148 911 
 1748 553 
 3637 728 
 1129 911 
 3565 744 
 3195 281 
 1721 146 
 1768 153 
 3843 864 
 492 392 
 105 59 
 2444 3 
 4151 834 
 2288 585 
 3062 360 
 1852 491 
 3797 73 
 3554 259 
 1525 540 
 825 453 
 2960 223 
 3365 659 
 4154 259 
 1310 359 
 672 583 
 1710 138 
 766 191 
 3873 241 
 2031 279 
 2549 942 
 2753 631 
 3761 767 
 1254 431 
 771 928 
 1915 269 
 416 308 
 2711 451 
 2205 298 
 1094 851 
 2760 819 
 3241 146 
 1635 343 
 757 686 
 1461 569 
 2609 279 
 964 146 
 769 153 
 1175 259 
 3436 259 
 783 425 
 605 376 
 895 259 
 3826 842 
 353 767 
 3888 298 
 4094 384 
 2693 68 
 834 451 
 2679 855 
 211 478 
 1652 281 
 2838 819 
 4152 450 
 1539 388 
 2689 241 
 1205 692 
 121 382 
 1524 552 
 3206 146 
 356 701 
 1149 20 
 900 852 
 711 25 
 4099 393 
 1983 281 
 1534 121 
 3485 819 
 80 326 
 113 569 
 3610 388 
 3310 708 
 2868 557 
 2784 225 
 1773 705 
 1365 692 
 3640 542 
 1051 206 
 964 153 
 541 902 
 3745 790 
 2549 585 
 2463 577 
 3846 834 
 2551 169 
 603 744 
 3859 855 
 3280 819 
 521 902 
 2513 18 
 257 748 
 1685 325 
 3747 585 
 974 281 
 585 667 
 1487 686 
 517 855 
 3622 883 
 260 153 
 1055 281 
 2566 325 
 1251 880 
 1751 886 
 1641 874 
 1480 153 
 1416 222 
 784 127 
 1241 580 
 2689 650 
 3888 505 
 4084 520 
 1530 681 
 1810 102 
 3462 282 
 141 708 
 2051 599 
 524 109 
 4101 206 
 1500 43 
 1651 433 
 3135 731 
 3492 839 
 1768 159 
 2876 475 
 2142 430 
 1765 18 
 126 214 
 790 532 
 3530 492 
 1372 703 
 344 855 
 2474 473 
 1996 928 
 1860 845 
 3493 152 
 263 138 
 4157 744 
 4077 102 
 321 855 
 1129 298 
 3120 563 
 1732 281 
 3405 141 
 1349 591 
 1326 819 
 3835 817 
 3308 67 
 495 325 
 619 346 
 2288 650 
 4101 454 
 2180 281 
 4137 533 
 832 349 
 2852 308 
 1737 521 
 1418 653 
 2428 683 
 1664 627 
 2813 579 
 4084 282 
 3858 392 
 1768 67 
 1089 942 
 3924 724 
 537 385 
 2954 708 
 3685 169 
 1721 325 
 2787 855 
 1876 439 
 2420 713 
 3148 618 
 998 393 
 3266 678 
 3020 779 
 1184 223 
 39 403 
 3998 76 
 3402 282 
 3755 512 
 1803 460 
 4029 196 
 892 451 
 1474 659 
 2966 219 
 3143 39 
 3524 855 
 560 664 
 4279 259 
 3979 686 
 3180 282 
 1226 580 
 830 903 
 2975 842 
 1736 102 
 680 770 
 3611 783 
 3808 684 
 3723 678 
 1178 839 
 1349 65 
 3485 269 
 1703 384 
 2119 699 
 2317 785 
 1866 490 
 810 355 
 2070 59 
 617 801 
 1915 819 
 2768 474 
 983 636 
 834 678 
 2637 173 
 2552 223 
 1098 928 
 3462 520 
 2603 512 
 881 576 
 4160 269 
 607 250 
 3352 767 
 2974 855 
 805 532 
 1470 874 
 909 928 
 1600 566 
 1241 789 
 4139 282 
 327 742 
 4190 701 
 3636 819 
 3405 453 
 1022 361 
 1621 96 
 4036 325 
 1792 691 
 2281 138 
 4099 360 
 4017 259 
 4201 715 
 612 664 
 1586 325 
 3733 116 
 4090 697 
 1114 349 
 499 631 
 964 667 
 464 136 
 2345 557 
 4037 773 
 1039 705 
 4277 451 
 2638 173 
 170 277 
 703 95 
 3691 842 
 97 261 
 2106 365 
 463 153 
 4168 337 
 2061 724 
 4127 669 
 389 678 
 1237 557 
 529 797 
 2316 59 
 2365 599 
 4070 797 
 1812 102 
 3447 173 
 39 817 
 3998 486 
 227 903 
 448 45 
 1302 866 
 1100 95 
 2632 66 
 209 153 
 1377 156 
 3713 834 
 2818 153 
 2738 430 
 615 196 
 606 66 
 256 269 
 2695 92 
 4144 577 
 1924 13 
 3113 726 
 118 94 
 2584 700 
 3107 650 
 4190 748 
 4185 260 
 4014 928 
 563 549 
 3669 790 
 3815 726 
 2821 214 
 1618 855 
 1584 855 
 613 263 
 2218 340 
 491 269 
 2461 371 
 1817 775 
 2839 212 
 3647 428 
 3280 269 
 2065 819 
 3031 664 
 1347 169 
 41 510 
 2107 903 
 156 121 
 2142 748 
 3821 388 
 2816 266 
 2229 109 
 3156 341 
 2478 74 
 387 708 
 4044 928 
 369 259 
 4099 760 
 3528 519 
 1224 753 
 4036 146 
 507 557 
 3488 244 
 541 599 
 2565 753 
 278 453 
 793 282 
 4244 922 
 1248 646 
 3682 520 
 3542 817 
 3395 893 
 1726 204 
 227 742 
 4250 942 
 3290 725 
 2479 376 
 3667 91 
 3368 325 
 2521 646 
 1671 855 
 2485 87 
 3781 72 
 3946 928 
 3439 475 
 1004 672 
 362 942 
 2492 791 
 1079 751 
 3347 886 
 3540 669 
 1846 842 
 1786 433 
 3625 554 
 551 900 
 582 259 
 1732 269 
 2571 773 
 2756 705 
 3493 750 
 1697 579 
 1543 223 
 619 290 
 4196 928 
 2261 708 
 1857 740 
 2508 153 
 1768 201 
 3416 304 
 2834 928 
 908 727 
 3746 691 
 419 767 
 425 790 
 2833 675 
 2459 928 
 3085 874 
 2608 466 
 2697 674 
 1313 821 
 367 842 
 1773 778 
 72 933 
 669 879 
 1047 104 
 1757 226 
 1391 419 
 902 724 
 3745 61 
 251 290 
 1815 388 
 2672 259 
 2358 270 
 3445 461 
 2125 388 
 1456 736 
 4227 138 
 807 463 
 823 806 
 219 411 
 8 58 
 941 121 
 540 349 
 3878 259 
 1252 563 
 3725 224 
 943 219 
 1410 325 
 3529 908 
 3461 890 
 834 350 
 1775 259 
 1143 577 
 2272 109 
 2298 40 
 425 45 
 974 269 
 3269 678 
 1857 732 
 1096 184 
 205 388 
 3292 138 
 3384 195 
 1689 775 
 1331 223 
 199 104 
 3556 388 
 2878 454 
 97 838 
 3786 11 
 1954 469 
 1778 580 
 2194 138 
 3253 281 
 3447 678 
 1503 821 
 2738 906 
 236 158 
 2574 281 
 1090 81 
 1517 259 
 4117 325 
 810 462 
 2836 744 
 3651 607 
 3141 520 
 2078 59 
 1404 72 
 175 406 
 3958 410 
 1699 481 
 3389 325 
 2765 138 
 2838 281 
 3617 146 
 643 416 
 1226 384 
 2284 719 
 3678 5 
 1788 804 
 2327 349 
 973 316 
 3531 146 
 2665 173 
 3527 675 
 1500 926 
 188 705 
 3125 75 
 2634 179 
 2842 842 
 1958 34 
 1644 631 
 3690 219 
 3210 138 
 1119 138 
 3411 325 
 94 350 
 2321 58 
 3086 277 
 1058 770 
 1887 137 
 317 741 
 3123 518 
 66 102 
 1472 102 
 98 938 
 811 694 
 1778 557 
 4007 388 
 1173 577 
 3745 45 
 2172 753 
 4164 725 
 4269 577 
 394 169 
 18 490 
 3062 144 
 782 694 
 4094 61 
 3372 325 
 3009 279 
 2011 819 
 2051 177 
 3353 223 
 2107 742 
 2004 922 
 1058 742 
 168 281 
 2959 195 
 3954 557 
 3988 376 
 2777 92 
 1457 903 
 41 789 
 1695 259 
 2713 146 
 2128 742 
 1279 259 
 2528 906 
 1966 481 
 355 141 
 1342 396 
 475 109 
 1404 852 
 2960 512 
 1032 694 
 2235 311 
 1344 644 
 612 282 
 2833 533 
 741 880 
 1320 93 
 2286 203 
 3538 627 
 719 928 
 3 705 
 2574 708 
 2780 664 
 94 557 
 3019 325 
 3243 129 
 1133 102 
 2306 128 
 1643 642 
 874 18 
 3883 684 
 2314 377 
 4217 245 
 3306 146 
 3791 834 
 1013 355 
 2724 536 
 1424 870 
 3266 61 
 1370 842 
 1645 627 
 3802 928 
 1168 855 
 3669 384 
 2687 631 
 959 282 
 3631 677 
 1316 393 
 1442 939 
 3155 241 
 4049 376 
 168 708 
 2666 563 
 2290 914 
 1241 350 
 2672 631 
 3501 102 
 1980 654 
 1744 852 
 3623 308 
 272 306 
 201 773 
 3357 819 
 1036 842 
 3590 228 
 722 109 
 3148 484 
 3699 586 
 4066 598 
 3324 928 
 204 389 
 3690 834 
 3021 874 
 2321 715 
 3748 102 
 2051 430 
 3333 318 
 3927 708 
 3722 502 
 1703 790 
 2784 430 
 2051 902 
 582 282 
 1794 388 
 3864 767 
 2877 579 
 3411 388 
 2159 886 
 3961 259 
 830 744 
 4084 533 
 1296 153 
 1845 819 
 2475 644 
 2073 349 
 291 506 
 3869 281 
 2222 453 
 4157 58 
 230 639 
 1866 770 
 1570 133 
 3763 505 
 3783 631 
 3445 875 
 2053 386 
 3474 676 
 1541 259 
 4269 359 
 2423 195 
 838 452 
 3856 153 
 3372 388 
 40 942 
 1988 744 
 955 678 
 3356 259 
 3090 770 
 118 545 
 3311 433 
 3107 241 
 616 479 
 3796 631 
 1904 577 
 2112 484 
 1588 179 
 1358 80 
 2875 855 
 3329 128 
 2276 549 
 3618 104 
 1812 90 
 2837 102 
 3051 767 
 2246 45 
 2128 874 
 3888 932 
 4164 528 
 1628 223 
 906 744 
 2468 694 
 2900 153 
 3333 901 
 1013 293 
 2102 481 
 3376 678 
 2742 708 
 254 84 
 3078 66 
 540 842 
 3454 631 
 816 855 
 2375 109 
 2339 431 
 2606 376 
 1399 187 
 2592 102 
 826 599 
 79 708 
 2253 565 
 987 349 
 2981 282 
 2414 325 
 4117 146 
 1322 675 
 3888 54 
 943 520 
 3652 146 
 2051 681 
 3620 382 
 940 439 
 3976 933 
 507 451 
 3708 577 
 163 598 
 3727 801 
 1446 281 
 1441 908 
 706 459 
 1768 911 
 428 211 
 3625 250 
 1583 281 
 2822 173 
 2608 125 
 1939 59 
 1083 95 
 1235 941 
 2105 577 
 3622 8 
 2818 388 
 3317 790 
 1391 277 
 778 259 
 2478 112 
 356 902 
 624 910 
 1177 938 
 2188 631 
 1941 558 
 3856 386 
 1316 37 
 375 182 
 1732 708 
 1988 903 
 3853 729 
 1862 18 
 3669 789 
 2382 913 
 2247 308 
 932 942 
 3376 789 
 495 153 
 495 388 
 1054 524 
 3021 742 
 4001 376 
 3710 169 
 4031 855 
 1887 926 
 747 928 
 1966 850 
 3942 583 
 3383 92 
 1232 477 
 1459 767 
 3527 533 
 769 146 
 3025 325 
 248 928 
 3156 428 
 1980 178 
 448 580 
 2122 934 
 2552 512 
 3427 256 
 3012 349 
 3266 385 
 1906 796 
 52 434 
 4225 941 
 2112 618 
 3447 385 
 1227 579 
 336 210 
 40 241 
 1120 855 
 53 466 
 1442 159 
 722 533 
 3889 532 
 1170 928 
 1036 563 
 585 388 
 216 452 
 3007 557 
 3242 559 
 101 513 
 2376 116 
 2237 259 
 4201 874 
 3359 228 
 1645 102 
 304 686 
 2944 834 
 2513 359 
 1358 564 
 4177 430 
 408 928 
 3570 184 
 3503 911 
 1703 557 
 1052 819 
 707 708 
 673 767 
 2638 835 
 366 345 
 2713 388 
 3798 874 
 2576 650 
 1968 282 
 1356 388 
 2365 748 
 4015 13 
 1201 821 
 1073 520 
 1547 214 
 579 18 
 3114 516 
 1949 705 
 2107 490 
 3669 385 
 2697 868 
 4206 496 
 425 557 
 2401 659 
 697 56 
 1442 448 
 464 431 
 3070 477 
 1198 650 
 932 650 
 3729 25 
 3254 223 
 118 228 
 3589 838 
 1226 61 
 3313 349 
 588 67 
 859 138 
 314 5 
 146 79 
 328 102 
 3100 52 
 2769 328 
 3699 93 
 555 855 
 267 101 
 1226 557 
 539 681 
 3643 279 
 3337 870 
 498 446 
 3837 679 
 3384 664 
 3682 219 
 615 439 
 1406 533 
 356 748 
 3636 708 
 3461 570 
 1722 577 
 733 494 
 4117 153 
 1685 388 
 4168 8 
 3657 581 
 2805 197 
 2105 849 
 3145 538 
 3062 118 
 5 431 
 424 432 
 3327 146 
 3987 169 
 3393 770 
 4192 884 
 732 631 
 1329 435 
 629 512 
 53 357 
 3152 259 
 367 563 
 1715 928 
 1215 577 
 1142 585 
 257 681 
 3853 477 
 2280 177 
 4251 941 
 3430 752 
 3564 169 
 1237 790 
 4262 259 
 1757 883 
 3536 102 
 585 638 
 632 664 
 3469 664 
 1126 880 
 868 801 
 906 874 
 1530 225 
 3803 942 
 2450 708 
 167 169 
 987 386 
 492 37 
 2816 392 
 3191 935 
 2467 443 
 1002 259 
 3863 463 
 1768 325 
 2258 146 
 3617 153 
 707 269 
 997 880 
 2711 384 
 1708 708 
 1541 631 
 4191 627 
 2646 150 
 3669 678 
 834 510 
 3860 46 
 2480 153 
 1536 269 
 1964 684 
 1437 385 
 1509 436 
 3401 764 
 3470 631 
 1703 789 
 3692 61 
 2896 855 
 3362 577 
 2051 748 
 3120 349 
 1713 884 
 479 627 
 35 173 
 3068 171 
 4035 896 
 1284 377 
 3089 675 
 1247 453 
 1000 333 
 4258 851 
 1401 453 
 3085 770 
 2305 736 
 876 855 
 3402 22 
 123 92 
 3858 37 
 2764 179 
 2596 358 
 1648 153 
 3970 692 
 2666 349 
 1983 708 
 494 177 
 2559 855 
 1416 837 
 803 269 
 2821 275 
 4195 675 
 1576 616 
 1963 770 
 1517 349 
 2623 312 
 1210 22 
 2435 789 
 4085 650 
 1794 146 
 1181 767 
 1528 627 
 2887 136 
 3692 678 
 2336 648 
 1562 691 
 4080 121 
 2235 355 
 3925 855 
 642 632 
 1612 8 
 3333 919 
 268 269 
 294 169 
 416 121 
 2312 102 
 4007 153 
 3084 93 
 136 571 
 1242 547 
 1033 836 
 3319 922 
 1614 819 
 2258 153 
 3616 223 
 2193 334 
 87 744 
 1624 842 
 3025 388 
 2791 259 
 457 390 
 916 669 
 823 563 
 2158 631 
 3692 790 
 2607 627 
 2589 783 
 1024 490 
 64 196 
 3047 623 
 1933 148 
 2738 225 
 2645 109 
 251 722 
 1921 728 
 848 931 
 972 604 
 1385 767 
 131 512 
 3347 131 
 3148 285 
 1106 481 
 1881 631 
 1970 708 
 1716 728 
 4167 855 
 2886 508 
 3939 663 
 1310 18 
 411 282 
 54 847 
 2026 701 
 1225 349 
 1053 627 
 4082 855 
 2195 928 
 1929 486 
 3007 61 
 1682 595 
 2025 146 
 4018 405 
 4120 579 
 891 928 
 4115 430 
 524 675 
 2128 490 
 944 580 
 746 223 
 496 138 
 1737 311 
 3975 428 
 3112 512 
 979 269 
 261 644 
 1604 580 
 4169 942 
 3771 179 
 3469 533 
 1425 388 
 1980 444 
 1579 576 
 3133 694 
 810 390 
 1052 281 
 951 244 
 3056 834 
 2856 520 
 2928 767 
 3963 646 
 758 834 
 3216 922 
 1882 223 
 88 228 
 2899 928 
 919 595 
 3100 728 
 1406 109 
 2650 391 
 762 705 
 3691 563 
 2791 282 
 3702 564 
 3104 18 
 1723 349 
 952 340 
 2747 460 
 3868 341 
 1137 398 
 457 355 
 2094 849 
 1933 714 
 3317 384 
 3273 12 
 3086 902 
 1974 141 
 3074 586 
 2861 3 
 338 355 
 1601 325 
 3936 310 
 3310 819 
 3441 938 
 2816 474 
 2969 817 
 1408 475 
 2083 806 
 209 325 
 1539 146 
 3206 388 
 3896 102 
 806 441 
 998 266 
 207 886 
 8 715 
 707 281 
 1907 348 
 652 533 
 1231 512 
 1836 536 
 2779 351 
 1480 325 
 2031 564 
 1442 197 
 83 102 
 3143 805 
 1448 269 
 244 632 
 209 388 
 2857 453 
 2160 269 
 1169 223 
 94 510 
 1949 308 
 40 650 
 1058 744 
 1270 341 
 586 658 
 1438 102 
 2756 463 
 1320 586 
 41 678 
 2662 475 
 1624 445 
 1391 403 
 2910 855 
 3086 599 
 3154 591 
 427 388 
 3535 138 
 2352 192 
 2430 153 
 2039 631 
 680 742 
 1301 674 
 2145 248 
 655 490 
 2026 225 
 1003 928 
 323 855 
 4092 770 
 1246 66 
 26 256 
 1988 58 
 153 146 
 4057 627 
 2548 56 
 2598 528 
 3266 451 
 2538 821 
 1151 805 
 3807 880 
 2816 360 
 1293 478 
 4234 688 
 1502 31 
 1303 439 
 2836 58 
 2619 648 
 221 572 
 625 922 
 4134 834 
 1013 390 
 1816 941 
 1576 99 
 4099 266 
 458 349 
 3455 819 
 3981 446 
 3020 121 
 1987 900 
 318 456 
 521 599 
 170 748 
 423 854 
 3678 455 
 3467 842 
 257 419 
 3872 862 
 2784 902 
 170 681 
 2497 465 
 3124 855 
 250 708 
 3445 516 
 357 15 
 3315 191 
 784 4 
 3202 941 
 3309 455 
 2847 937 
 521 681 
 1678 179 
 2478 609 
 3382 715 
 4119 631 
 2471 269 
 307 259 
 1351 696 
 774 59 
 4024 489 
 769 325 
 2165 855 
 3903 377 
 354 659 
 1339 770 
 1932 385 
 81 905 
 2481 583 
 2970 267 
 718 642 
 2790 579 
 1717 115 
 1218 92 
 2272 675 
 1957 137 
 4201 742 
 425 789 
 1536 708 
 2057 746 
 2665 385 
 1885 102 
 1335 773 
 3323 478 
 455 536 
 2978 690 
 1566 122 
 3798 742 
 418 942 
 1339 903 
 4081 349 
 614 750 
 3154 708 
 1428 646 
 1559 59 
 2545 250 
 869 842 
 514 235 
 4198 855 
 2212 109 
 468 139 
 2265 81 
 2114 203 
 2914 349 
 94 451 
 4168 226 
 3888 911 
 389 580 
 2576 241 
 411 520 
 1331 512 
 492 266 
 295 767 
 1465 262 
 1071 631 
 1971 533 
 4235 206 
 1033 399 
 3837 832 
 2388 591 
 3632 669 
 194 102 
 1845 269 
 88 212 
 1513 109 
 153 325 
 3364 710 
 287 819 
 3368 153 
 1771 376 
 3155 650 
 1351 348 
 3315 215 
 1940 726 
 3724 631 
 2025 325 
 243 18 
 2017 780 
 4074 631 
 1486 102 
 2608 357 
 1005 102 
 1969 269 
 2762 3 
 106 695 
 3201 281 
 5 386 
 1195 259 
 966 250 
 2805 448 
 2083 228 
 1540 357 
 3572 93 
 3633 805 
 1656 93 
 2307 708 
 847 855 
 3927 269 
 362 241 
 585 325 
 3943 18 
 669 737 
 2476 169 
 3745 384 
 94 790 
 830 490 
 491 819 
 2731 600 
 1322 664 
 541 177 
 2149 767 
 1712 564 
 3508 860 
 2565 602 
 1407 349 
 941 705 
 3249 850 
 3687 426 
 1004 132 
 2864 739 
 389 451 
 389 61 
 3428 93 
 3336 928 
 3430 826 
 2964 591 
 621 793 
 1737 462 
 3306 388 
 737 95 
 316 12 
 87 770 
 2663 376 
 1604 451 
 3720 741 
 1842 698 
 1403 102 
 2365 225 
 413 549 
 1155 644 
 2676 753 
 1445 563 
 832 563 
 4191 102 
 2629 694 
 232 102 
 3973 784 
 100 146 
 574 585 
 1431 153 
 2710 694 
 834 384 
 3176 631 
 4201 744 
 2359 576 
 2411 400 
 3428 586 
 2563 456 
 903 153 
 3021 744 
 2881 942 
 3995 138 
 1884 259 
 2786 158 
 3574 146 
 780 13 
 2268 184 
 448 510 
 998 37 
 724 158 
 368 776 
 2911 698 
 515 478 
 2598 725 
 1248 693 
 1394 715 
 1250 269 
 2891 454 
 3692 451 
 3001 879 
 4190 177 
 1531 563 
 100 325 
 1345 708 
 755 880 
 510 880 
 2330 922 
 1737 390 
 2969 902 
 3339 66 
 2214 673 
 30 269 
 41 451 
 2414 388 
 1394 744 
 1708 281 
 2926 855 
 2053 806 
 1603 855 
 2630 549 
 1128 694 
 4137 675 
 1015 694 
 3290 528 
 771 664 
 2439 345 
 3523 583 
 1198 942 
 2333 880 
 624 172 
 2742 819 
 1532 938 
 1873 627 
 2047 903 
 3882 281 
 3068 762 
 1530 906 
 1474 121 
 3147 755 
 930 124 
 3626 102 
 3040 941 
 94 384 
 306 146 
 2365 902 
 4168 574 
 113 181 
 3633 649 
 3464 153 
 2100 692 
 3948 647 
 3005 158 
 656 694 
 1615 549 
 3125 110 
 834 789 
 3382 744 
 1377 743 
 1475 179 
 62 625 
 746 512 
 541 430 
 24 532 
 3148 298 
 3306 153 
 819 224 
 4064 702 
 4033 11 
 3630 770 
 1451 481 
 18 874 
 1596 903 
 3258 716 
 1268 276 
 2874 59 
 253 348 
 4099 144 
 2768 392 
 1257 797 
 836 220 
 2296 153 
 2117 101 
 1995 241 
 3403 212 
 2739 684 
 373 376 
 118 386 
 3587 496 
 3766 282 
 4211 886 
 3049 425 
 3120 938 
 319 269 
 3837 96 
 1639 581 
 3017 190 
 2246 790 
 3306 325 
 3479 424 
 3671 59 
 2609 564 
 1433 533 
 2658 169 
 671 223 
 3821 153 
 2693 907 
 212 18 
 1765 849 
 3307 131 
 3403 498 
 2204 344 
 2519 67 
 2864 47 
 3043 212 
 3493 344 
 4139 520 
 4236 855 
 2863 683 
 8 874 
 3605 61 
 18 770 
 2879 767 
 3281 310 
 4175 821 
 354 656 
 1193 577 
 110 87 
 100 388 
 1213 846 
 1125 179 
 1394 58 
 1624 309 
 23 439 
 834 690 
 3963 693 
 3086 906 
 88 26 
 2480 388 
 3165 846 
 800 259 
 2566 146 
 2411 178 
 2784 599 
 1531 842 
 3634 223 
 2276 399 
 1082 459 
 1794 153 
 2537 321 
 3222 855 
 1129 831 
 4024 489 
 3711 706 
 2751 588 
 1101 325 
 655 874 
 3403 386 
 1266 834 
 3331 95 
 2429 834 
 2840 742 
 531 577 
 2969 419 
 2360 102 
 3031 109 
 2610 95 
 30 819 
 2965 102 
 3845 552 
 1561 152 
 2913 855 
 2853 18 
 3816 279 
 3866 937 
 4138 325 
 3550 706 
 676 563 
 951 585 
 539 430 
 287 269 
 1016 799 
 1410 146 
 113 226 
 1936 13 
 3632 557 
 2999 25 
 2927 532 
 664 446 
 1958 449 
 2145 361 
 1233 102 
 4253 642 
 2162 835 
 1339 58 
 801 259 
 1356 146 
 1582 104 
 462 488 
 243 849 
 3380 169 
 1583 269 
 3090 715 
 3317 451 
 327 58 
 1110 708 
 2887 644 
 1774 850 
 1234 282 
 3238 532 
 1395 767 
 3602 95 
 427 153 
 1614 281 
 1010 102 
 2411 769 
 636 223 
 506 50 
 1797 780 
 1980 777 
 2738 277 
 3757 209 
 495 146 
 457 521 
 1948 583 
 2840 903 
 2106 848 
 3558 776 
 3833 486 
 3419 937 
 506 357 
 2692 174 
 2805 241 
 2621 631 
 3393 715 
 38 842 
 2241 259 
 561 322 
 270 58 
 3493 314 
 4089 102 
 3736 259 
 3979 252 
 3089 109 
 2396 513 
 1238 552 
 3047 833 
 113 8 
 3521 385 
 154 102 
 3462 283 
 1881 259 
 1637 81 
 3200 136 
 271 855 
 351 631 
 1806 736 
 839 163 
 1558 855 
 603 742 
 1093 664 
 944 451 
 2477 147 
 3873 504 
 3488 585 
 834 557 
 588 783 
 3207 425 
 1539 325 
 1020 281 
 2073 563 
 1341 453 
 3090 874 
 1420 153 
 1624 291 
 1963 744 
 3585 60 
 3879 728 
 1455 512 
 3256 513 
 190 855 
 550 748 
 812 775 
 2682 522 
 1568 223 
 561 497 
 1446 269 
 1970 281 
 1933 822 
 3488 942 
 328 583 
 2498 453 
 3643 564 
 2788 281 
 418 650 
 3261 576 
 3088 282 
 4177 419 
 3798 770 
 979 708 
 970 121 
 2261 281 
 3887 879 
 1025 855 
 4283 928 
 1360 247 
 2725 564 
 3266 350 
 39 277 
 3682 834 
 4217 878 
 2720 250 
 3237 153 
 3874 708 
 492 393 
 1720 767 
 1530 701 
 3975 341 
 3527 109 
 1514 808 
 3016 532 
 3630 903 
 687 325 
 3250 98 
 951 650 
 2742 281 
 624 876 
 1351 308 
 418 585 
 3732 559 
 231 513 
 3684 802 
 880 195 
 4005 493 
 1301 617 
 1508 169 
 253 728 
 1199 453 
 2760 269 
 680 744 
 89 694 
 1474 251 
 1991 320 
 3445 121 
 1158 806 
 3143 54 
 2697 318 
 3701 177 
 4264 893 
 2969 225 
 1907 463 
 2228 15 
 1197 487 
 146 607 
 630 102 
 1630 66 
 3413 13 
 1073 664 
 1516 621 
 503 819 
 3384 675 
 834 45 
 3798 903 
 3406 559 
 1500 776 
 1241 451 
 1114 563 
 1024 770 
 3821 146 
 3393 490 
 3986 580 
 2575 69 
 4247 696 
 3528 29 
 3376 557 
 1597 279 
 558 141 
 964 188 
 2026 681 
 3888 649 
 3548 855 
 125 452 
 1091 688 
 2108 694 
 2752 728 
 41 690 
 3627 842 
 864 425 
 1394 874 
 3917 102 
 651 821 
 1928 217 
 3007 451 
 3107 942 
 894 105 
 1896 294 
 2986 577 
 670 728 
 1646 359 
 1241 557 
 603 903 
 57 880 
 3327 388 
 2925 855 
 3094 592 
 2736 281 
 3557 83 
 3436 631 
 251 308 
 1742 13 
 1663 606 
 3517 146 
 3897 767 
 30 708 
 3503 292 
 3339 694 
 368 43 
 1758 18 
 3199 842 
 253 705 
 3572 586 
 2736 819 
 944 557 
 1344 431 
 168 269 
 1886 677 
 2556 928 
 1867 345 
 1648 146 
 457 311 
 875 59 
 2415 349 
 850 325 
 3605 451 
 927 59 
 3435 512 
 50 563 
 2633 928 
 2319 583 
 3017 518 
 3333 6 
 2761 880 
 3874 269 
 3317 690 
 3143 292 
 4048 138 
 3873 942 
 3589 11 
 418 504 
 4130 512 
 3206 325 
 3141 282 
 3871 158 
 2093 631 
 2573 855 
 1895 879 
 1198 585 
 4052 708 
 1375 93 
 205 938 
 1826 855 
 2205 805 
 4052 269 
 118 667 
 2945 269 
 1596 715 
 2151 941 
 1232 727 
 2697 919 
 126 706 
 3215 542 
 975 879 
 2852 840 
 270 490 
 3829 934 
 693 323 
 2427 512 
 494 681 
 1065 559 
 3089 664 
 4051 520 
 2204 710 
 823 349 
 839 706 
 2738 177 
 1798 244 
 3732 512 
 669 852 
 3745 451 
 1923 855 
 3120 259 
 680 58 
 1933 306 
 2246 446 
 162 491 
 1911 767 
 2233 928 
 251 728 
 3605 384 
 2909 368 
 2303 586 
 896 914 
 2532 855 
 4217 119 
 2434 138 
 2043 603 
 2496 557 
 94 61 
 3376 350 
 818 481 
 1426 219 
 1606 340 
 4136 214 
 4265 307 
 257 599 
 836 698 
 721 345 
 3058 298 
 3085 715 
 1145 855 
 3824 478 
 1151 484 
 257 902 
 2564 647 
 1715 520 
 1674 380 
 2750 532 
 23 537 
 2821 706 
 2329 607 
 3868 428 
 3632 580 
 937 339 
 262 475 
 238 259 
 807 436 
 69 795 
 1153 102 
 3762 678 
 2380 71 
 1046 855 
 2756 79 
 2183 486 
 763 269 
 86 767 
 2138 748 
 1610 2 
 3938 266 
 2673 675 
 113 337 
 2400 719 
 3201 269 
 2497 217 
 1547 706 
 3856 806 
 1520 855 
 2335 259 
 1550 95 
 4102 512 
 765 478 
 823 386 
 1381 583 
 1345 269 
 3186 333 
 1516 520 
 1586 388 
 2207 371 
 1434 451 
 2624 443 
 2016 349 
 260 388 
 2571 158 
 4112 631 
 1850 512 
 3835 277 
 754 76 
 127 664 
 1988 874 
 329 425 
 2180 269 
 425 678 
 3497 102 
 2987 753 
 118 136 
 581 819 
 3972 169 
 2093 259 
 272 668 
 1627 15 
 1296 388 
 2779 876 
 1789 855 
 2361 228 
 905 697 
 2773 721 
 158 3 
 4177 701 
 2128 903 
 3100 774 
 3376 510 
 667 138 
 1626 434 
 1994 259 
 1563 579 
 1491 75 
 1279 631 
 1457 742 
 1328 855 
 1702 564 
 241 880 
 3224 829 
 4210 577 
 118 188 
 3926 804 
 2819 672 
 3533 631 
 1420 388 
 1290 223 
 1698 804 
 1546 453 
 3630 742 
 4051 922 
 327 874 
 3381 64 
 807 895 
 725 95 
 1290 512 
 601 184 
 1887 43 
 356 277 
 4036 388 
 1351 705 
 3472 870 
 3463 13 
 418 241 
 3935 13 
 1655 87 
 2584 590 
 3425 855 
 3085 742 
 3241 388 
 3552 102 
 1375 586 
 1387 743 
 118 806 
 8 490 
 1019 308 
 1259 675 
 3377 369 
 2846 748 
 1494 631 
 1391 681 
 3611 448 
 3007 510 
 1703 678 
 3858 474 
 3504 694 
 2909 551 
 18 744 
 883 678 
 1301 868 
 1509 840 
 3652 388 
 1239 335 
 3120 188 
 67 528 
 1658 793 
 2365 419 
 2515 585 
 3283 725 
 2182 363 
 3682 282 
 3054 512 
 3008 819 
 3327 153 
 2885 938 
 2602 942 
 2470 102 
 1929 540 
 857 359 
 1424 368 
 1533 156 
 2711 580 
 4007 146 
 3503 805 
 3862 561 
 3835 906 
 2077 281 
 3430 757 
 3612 66 
 2125 153 
 2801 166 
 3100 401 
 892 557 
 3155 942 
 857 18 
 3274 894 
 97 366 
 2210 138 
 217 650 
 1355 259 
 3638 352 
 2189 437 
 395 29 
 330 702 
 4094 789 
 3928 653 
 2657 631 
 1391 817 
 1022 248 
 2077 708 
 993 102 
 4230 456 
 3541 657 
 1241 690 
 3020 765 
 2951 223 
 327 731 
 2107 744 
 1601 146 
 2453 577 
 1358 279 
 4190 430 
 3509 793 
 1673 753 
 1312 325 
 1024 744 
 3891 282 
 317 442 
 1995 942 
 2355 320 
 793 520 
 3389 153 
 3086 403 
 3232 271 
 3318 696 
 260 325 
 2328 537 
 3879 774 
 2935 928 
 331 778 
 2481 627 
 1737 712 
 3874 281 
 119 92 
 2411 51 
 3598 604 
 2468 695 
 1825 146 
 652 664 
 1354 156 
 1386 855 
 513 634 
 3789 916 
 3225 153 
 1702 279 
 2593 607 
 3633 505 
 971 320 
 2900 388 
 950 855 
 2397 102 
 1400 627 
 1322 533 
 2267 855 
 2862 819 
 3025 146 
 4078 642 
 118 938 
 3661 694 
 2460 430 
 1573 563 
 2484 819 
 1359 296 
 18 58 
 2502 922 
 2969 599 
 1935 434 
 3048 533 
 1353 627 
 898 631 
 3357 269 
 435 870 
 3721 156 
 2242 323 
 788 102 
 3280 708 
 4202 882 
 389 789 
 1391 701 
 4245 721 
 3879 121 
 2047 58 
 156 705 
 1283 158 
 998 118 
 3083 908 
 2636 179 
 2625 349 
 3183 859 
 1445 842 
 4257 834 
 1620 66 
 1190 259 
 1416 721 
 1832 513 
 3655 179 
 3411 146 
 3639 708 
 3696 724 
 976 937 
 826 817 
 2609 80 
 2308 226 
 2900 325 
 3196 938 
 1366 13 
 3558 926 
 39 906 
 257 430 
 3798 715 
 2417 563 
 1522 664 
 681 104 
 3233 767 
 3195 819 
 1680 855 
 1428 785 
 2830 156 
 3222 563 
 591 153 
 3749 136 
 4061 195 
 3825 11 
 4018 468 
 1592 282 
 3389 388 
 3983 259 
 3308 783 
 2447 580 
 2935 59 
 1418 288 
 4210 18 
 1443 195 
 3660 708 
 414 259 
 1241 510 
 457 462 
 2447 510 
 1882 512 
 4052 819 
 1898 795 
 3379 933 
 4028 259 
 2839 228 
 4169 241 
 2337 855 
 1689 917 
 1200 563 
 507 580 
 4037 158 
 3682 283 
 4145 748 
 2339 136 
 368 926 
 3451 102 
 695 95 
 1988 715 
 1405 134 
 3938 760 
 3393 874 
 2488 259 
 3798 58 
 1768 388 
 2608 467 
 286 551 
 2365 177 
 1339 744 
 2508 146 
 1933 556 
 2345 580 
 1407 563 
 3146 762 
 1024 58 
 2914 563 
 268 281 
 2767 880 
 448 789 
 3929 708 
 964 938 
 4099 474 
 1693 146 
 1705 768 
 1013 311 
 3858 760 
 2063 66 
 3831 102 
 97 666 
 3146 171 
 1516 282 
 823 228 
 2426 229 
 4010 746 
 3365 728 
 2576 942 
 2104 282 
 2475 431 
 2362 516 
 2655 452 
 1627 856 
 3890 708 
 506 467 
 1364 269 
 1610 48 
 1237 384 
 3730 767 
 2774 694 
 4169 585 
 2580 433 
 1804 710 
 3447 557 
 1344 136 
 1703 510 
 3798 744 
 4080 308 
 2478 624 
 2525 850 
 3143 484 
 2641 796 
 4115 225 
 1601 153 
 3660 819 
 807 121 
 3856 146 
 3007 580 
 1370 309 
 4055 849 
 3236 855 
 3874 819 
 3245 855 
 2350 388 
 2802 941 
 8 903 
 2417 842 
 3414 184 
 2020 710 
 1715 282 
 3132 102 
 3643 432 
 3447 790 
 869 563 
 4210 359 
 521 225 
 2796 3 
 2269 728 
 2504 392 
 1674 494 
 3840 773 
 2781 223 
 2602 241 
 2364 165 
 1641 903 
 284 475 
 4060 621 
 2026 430 
 3393 58 
 1594 733 
 5 563 
 73 610 
 608 470 
 240 307 
 957 46 
 1835 855 
 3033 855 
 312 382 
 1925 855 
 747 59 
 2003 259 
 509 153 
 687 388 
 2788 708 
 2522 150 
 2930 834 
 2246 510 
 4217 127 
 163 44 
 4228 767 
 1151 285 
 979 819 
 470 250 
 2205 39 
 3150 664 
 3160 929 
 447 102 
 3701 855 
 1916 678 
 3843 237 
 1674 589 
 3701 430 
 3166 682 
 2441 259 
 850 146 
 539 701 
 2041 281 
 272 539 
 1617 349 
 106 694 
 3235 580 
 1058 715 
 287 281 
 738 128 
 1420 325 
 2470 583 
 153 388 
 171 548 
 3437 855 
 4115 177 
 2816 393 
 3681 425 
 1907 705 
 1950 753 
 3630 744 
 1454 499 
 706 529 
 3206 928 
 983 671 
 1933 640 
 1423 269 
 3879 705 
 812 917 
 4124 76 
 1319 138 
 4126 262 
 1702 107 
 1028 91 
 4081 842 
 40 585 
 3171 141 
 2478 21 
 439 196 
 1723 563 
 2941 146 
 3503 618 
 1636 259 
 94 385 
 1795 767 
 1151 292 
 1943 325 
 2994 585 
 4114 173 
 4121 478 
 130 855 
 638 203 
 4046 796 
 3886 587 
 3649 918 
 2164 102 
 2459 66 
 1424 433 
 681 389 
 2128 58 
 1203 382 
 3308 448 
 1530 177 
 655 744 
 665 560 
 3086 177 
 163 469 
 3643 80 
 1001 850 
 199 389 
 337 150 
 3035 650 
 3447 384 
 3445 705 
 1513 675 
 78 92 
 1557 728 
 494 419 
 80 218 
 775 158 
 87 715 
 2713 153 
 2635 425 
 1428 693 
 2515 241 
 2568 217 
 2250 631 
 2957 435 
 1241 385 
 2760 281 
 2065 281 
 4033 838 
 319 281 
 948 321 
 1780 852 
 2173 332 
 3582 928 
 4266 695 
 1226 790 
 3472 368 
 3456 708 
 448 61 
 3583 880 
 2026 419 
 3901 688 
 2850 855 
 2312 583 
 2125 325 
 1172 22 
 2742 269 
 3365 656 
 3745 557 
 3122 427 
 2354 627 
 2656 607 
 2288 942 
 1731 368 
 2191 41 
 2361 386 
 2923 533 
 1511 259 
 1047 389 
 1041 720 
 3312 512 
 2392 883 
 2897 281 
 1731 551 
 3888 618 
 2160 281 
 3443 296 
 3329 59 
 92 13 
 1703 580 
 2845 650 
 3201 819 
 700 855 
 173 299 
 1737 293 
 1803 518 
 2469 834 
 288 423 
 1058 903 
 1116 100 
 4115 599 
 2485 535 
 1470 58 
 3122 14 
 3376 790 
 1662 223 
 1846 349 
 2638 385 
 1912 388 
 3861 259 
 4109 933 
 2736 708 
 1342 278 
 4022 936 
 2398 708 
 577 678 
 3546 259 
 2519 448 
 206 244 
 285 855 
 2560 941 
 3638 469 
 2835 3 
 3382 58 
 2205 292 
 1339 874 
 1704 595 
 1601 388 
 2003 631 
 3221 223 
 3302 310 
 1106 850 
 3068 652 
 153 153 
 1516 834 
 2073 842 
 2322 933 
 1480 563 
 3376 385 
 1957 776 
 3759 463 
 3558 137 
 1768 939 
 1129 484 
 3666 819 
 3416 273 
 403 579 
 2040 672 
 1862 834 
 362 650 
 5 94 
 2856 22 
 4281 834 
 2120 938 
 2017 323 
 1431 388 
 3517 325 
 3968 447 
 1196 398 
 1216 778 
 803 819 
 978 631 
 2435 557 
 2887 431 
 1259 128 
 943 282 
 3527 664 
 2418 797 
 840 3 
 3585 35 
 2308 574 
 1052 708 
 2969 277 
 2978 45 
 338 712 
 1351 774 
 1389 376 
 4138 388 
 2146 563 
 2176 146 
 338 311 
 2652 631 
 733 380 
 2076 627 
 1142 241 
 2806 604 
 3008 708 
 1340 694 
 250 281 
 3970 73 
 2430 388 
 3189 520 
 3154 65 
 4243 855 
 2653 394 
 3021 903 
 1370 445 
 1092 855 
 3048 675 
 389 790 
 1530 902 
 1807 102 
 1850 223 
 3282 488 
 2967 933 
 3798 490 
 1250 819 
 3435 223 
 3400 385 
 3531 388 
 2417 349 
 1803 190 
 896 543 
 663 259 
 3128 724 
 1933 232 
 1614 708 
 2321 770 
 3096 244 
 256 819 
 3039 855 
 2197 237 
 3766 520 
 4153 359 
 2223 153 
 3616 512 
 389 690 
 1844 855 
 1448 708 
 2409 328 
 591 325 
 3019 153 
 54 404 
 2747 518 
 3853 880 
 2501 158 
 3577 382 
 3952 937 
 4153 18 
 1052 269 
 925 282 
 1058 58 
 959 18 
 3333 920 
 2071 102 
 4205 169 
 1394 490 
 205 153 
 1316 118 
 1780 72 
 1155 136 
 553 724 
 1721 153 
 1717 807 
 748 934 
 1374 300 
 1640 579 
 3224 598 
 3479 746 
 1273 642 
 3332 678 
 3561 855 
 170 419 
 855 102 
 1513 664 
 458 259 
 1683 59 
 2978 790 
 2768 144 
 266 819 
 2985 269 
 3611 67 
 503 269 
 2026 177 
 3235 451 
 2001 341 
 2408 376 
 4241 646 
 2707 928 
 3884 310 
 1221 928 
 2480 146 
 2273 694 
 4137 109 
 924 264 
 1971 675 
 4134 18 
 3726 325 
 3760 665 
 3645 941 
 836 869 
 834 580 
 141 269 
 906 715 
 2109 446 
 830 715 
 3991 138 
 1530 277 
 1905 678 
 2760 708 
 85 855 
 3639 281 
 1980 51 
 4115 419 
 591 388 
 2490 529 
 3199 349 
 2300 433 
 2936 543 
 370 353 
 3388 481 
 577 580 
 2852 463 
 4117 388 
 1778 451 
 541 225 
 3542 277 
 136 511 
 4094 45 
 260 146 
 1513 533 
 2603 223 
 943 283 
 2285 843 
 3992 855 
 3565 903 
 2246 580 
 1409 402 
 2994 241 
 2856 849 
 4275 842 
 494 701 
 3332 173 
 3538 102 
 3239 928 
 3211 770 
 3541 41 
 4254 821 
 1445 349 
 115 708 
 3998 456 
 3456 281 
 4241 785 
 3224 44 
 1873 102 
 677 834 
 2768 266 
 2382 235 
 4150 102 
 2840 715 
 3714 796 
 305 95 
 138 578 
 4193 357 
 3890 269 
 739 537 
 2030 922 
 1899 446 
 3184 941 
 474 453 
 3629 915 
 285 349 
 1717 207 
 3307 886 
 1226 678 
 1455 223 
 3016 720 
 3062 392 
 2417 667 
 2179 750 
 832 842 
 2805 650 
 3755 223 
 1219 95 
 1744 737 
 3147 279 
 2673 533 
 3155 585 
 4094 580 
 3012 563 
 2569 528 
 3785 694 
 1044 796 
 3335 425 
 4115 701 
 1933 881 
 2365 701 
 2201 811 
 2969 430 
 1442 201 
 1316 144 
 2983 522 
 1024 715 
 3129 223 
 2292 855 
 956 767 
 1641 715 
 742 3 
 80 387 
 2680 102 
 4112 259 
 2781 512 
 2447 789 
 521 701 
 3047 188 
 567 583 
 1020 819 
 4233 109 
 2112 298 
 2805 939 
 1995 585 
 430 650 
 1265 102 
 2817 683 
 2317 646 
 3857 860 
 932 585 
 3024 575 
 3692 45 
 1623 259 
 352 684 
 3382 874 
 1307 842 
 959 849 
 492 118 
 3630 874 
 1220 896 
 2180 708 
 1980 400 
 1993 3 
 3200 644 
 1081 64 
 1020 708 
 2918 379 
 1825 325 
 857 849 
 3493 710 
 3244 184 
 3821 325 
 2246 557 
 1693 325 
 3532 801 
 3980 79 
 113 53 
 3143 911 
 3669 510 
 1142 942 
 5 188 
 1652 269 
 2738 817 
 2050 392 
 2779 172 
 2047 744 
 4237 580 
 1757 53 
 170 177 
 2245 270 
 178 664 
 4237 557 
 2678 338 
 1453 702 
 3073 122 
 480 694 
 234 11 
 4204 177 
 670 705 
 1275 141 
 2112 505 
 170 701 
 3928 229 
 3388 850 
 1490 650 
 3115 631 
 477 102 
 3136 179 
 2235 462 
 1327 631 
 550 902 
 3633 298 
 4157 500 
 3506 440 
 2799 767 
 3062 474 
 2392 8 
 1169 512 
 3266 45 
 833 294 
 3148 54 
 327 744 
 2398 269 
 69 716 
 941 778 
 3692 384 
 1304 669 
 3997 65 
 5 938 
 1318 941 
 4168 883 
 2001 428 
 3416 544 
 1433 664 
 2842 563 
 1339 742 
 93 678 
 3879 778 
 562 368 
 2348 158 
 75 102 
 1075 586 
 2833 664 
 1632 586 
 4085 585 
 1259 664 
 425 384 
 2080 928 
 2565 193 
 683 753 
 2534 452 
 4193 924 
 4145 430 
 1301 901 
 3589 261 
 2819 132 
 44 59 
 1988 770 
 1356 325 
 3062 760 
 202 478 
 3035 942 
 3253 708 
 3694 787 
 1746 269 
 1918 796 
 3462 834 
 2673 664 
 207 131 
 4092 903 
 2291 933 
 118 842 
 409 610 
 2226 325 
 3351 281 
 875 128 
 2508 388 
 3648 551 
 3148 292 
 603 490 
 2728 767 
 1501 855 
 3503 932 
 4209 146 
 3325 868 
 365 579 
 2756 308 
 3023 928 
 3417 563 
 610 846 
 3503 831 
 2805 201 
 1108 234 
 1226 510 
 3366 715 
 1163 559 
 1104 275 
 1561 344 
 3633 54 
 1667 631 
 4124 456 
 2982 13 
 1980 655 
 3503 39 
 1457 770 
 179 941 
 636 512 
 4040 340 
 1948 627 
 745 650 
 1819 83 
 3754 377 
 1598 577 
 3537 781 
 4209 325 
 4092 715 
 3552 583 
 795 631 
 3148 505 
 4174 478 
 2843 47 
 1391 430 
 2809 922 
 3397 224 
 1955 631 
 3000 463 
 1237 690 
 145 453 
 269 81 
 1768 708 
 3376 451 
 3503 298 
 3006 933 
 1321 928 
 2261 269 
 3759 121 
 866 767 
 4204 419 
 1513 928 
 479 102 
 3367 59 
 581 281 
 3636 281 
 266 269 
 3786 261 
 3230 586 
 2578 250 
 1996 59 
 3638 407 
 3637 778 
 1301 130 
 4195 533 
 3766 834 
 2072 66 
 693 780 
 3835 403 
 1291 102 
 4004 721 
 421 12 
 2427 223 
 922 19 
 425 510 
 332 855 
 2566 153 
 1391 902 
 3768 631 
 810 293 
 996 138 
 3634 512 
 2112 54 
 2169 345 
 2895 664 
 3543 928 
 3351 819 
 458 563 
 2784 748 
 0 325 
 2209 767 
 1476 928 
 3144 224 
 3502 566 
 3422 376 
 38 349 
 357 856 
 3784 169 
 2951 512 
 1509 308 
 3195 708 
 3456 269 
 1581 631 
 1084 456 
 4080 670 
 1793 259 
 3745 690 
 3893 849 
 912 753 
 2236 855 
 3266 790 
 1241 61 
 3888 484 
 4269 18 
 1184 512 
 1888 425 
 3021 715 
 1111 166 
 1617 563 
 1893 627 
 2584 328 
 2711 45 
 1610 485 
 1564 748 
 3100 465 
 303 753 
 126 398 
 1032 585 
 2246 678 
 2308 883 
 3310 281 
 1480 388 
 2856 282 
 2673 109 
 2589 67 
 2504 360 
 1403 627 
 2703 610 
 467 468 
 546 577 
 2660 938 
 3485 281 
 2985 819 
 699 849 
 3266 557 
 2978 678 
 468 70 
 205 325 
 2037 553 
 4027 488 
 2181 580 
 1495 325 
 3618 389 
 2094 18 
 1068 891 
 1129 805 
 2994 650 
 3055 810 
 2631 767 
 1980 526 
 458 842 
 1252 349 
 1050 146 
 41 580 
 1543 512 
 2069 331 
 3161 23 
 3803 585 
 1490 102 
 2411 654 
 2561 141 
 3461 88 
 3393 744 
 3929 819 
 2836 542 
 1703 61 
 3947 257 
 4217 274 
 3942 102 
 2363 928 
 4087 746 
 3206 59 
 603 715 
 4162 102 
 3633 39 
 3494 279 
 2012 193 
 1017 627 
 2746 3 
 3745 580 
 2678 728 
 1768 783 
 569 545 
 2304 580 
 2979 103 
 3610 325 
 416 705 
 940 196 
 3222 842 
 926 767 
 3333 514 
 2055 259 
 4250 585 
 624 351 
 2081 372 
 2833 109 
 3692 690 
 2704 217 
 3366 58 
 634 648 
 1655 282 
 4052 281 
 3926 399 
 3025 153 
 1815 153 
 3526 442 
 3804 694 
 4217 4 
 1406 675 
 4105 835 
 2107 58 
 268 819 
 4034 716 
 1341 855 
 2578 554 
 3166 818 
 1462 855 
 857 577 
 2215 846 
 3167 424 
 343 879 
 1624 687 
 58 559 
 1746 819 
 1648 325 
 2133 385 
 1757 337 
 2945 819 
 4094 790 
 619 217 
 1419 938 
 236 773 
 289 9 
 3915 187 
 2147 81 
 943 195 
 2691 855 
 2522 262 
 3698 475 
 1721 388 
 2373 512 
 1565 631 
 2411 800 
 567 102 
 4278 678 
 4231 307 
 354 251 
 769 388 
 2340 764 
 2272 664 
 970 728 
 4190 681 
 2116 40 
 1431 325 
 2985 281 
 2989 512 
 2808 846 
 3906 453 
 2440 648 
 2562 685 
 3690 283 
 4110 808 
 147 247 
 3964 855 
 1537 446 
 449 102 
 4271 858 
 3043 26 
 3518 250 
 280 728 
 2089 104 
 3110 141 
 644 281 
 1457 874 
 354 728 
 2501 773 
 3719 665 
 2279 131 
 4177 748 
 1932 350 
 3610 153 
 79 269 
 2014 773 
 251 774 
 2526 486 
 4057 102 
 1129 649 
 178 109 
 2689 504 
 2660 188 
 172 855 
 3599 472 
 2105 359 
 3282 377 
 4060 834 
 1841 846 
 1157 938 
 2957 751 
 3174 922 
 2462 349 
 3856 228 
 249 328 
 3447 580 
 3002 937 
 2212 664 
 128 551 
 603 770 
 2105 18 
 2205 618 
 2616 66 
 1299 804 
 3320 882 
 2421 385 
 4274 269 
 2032 928 
 3706 834 
 1530 419 
 1662 512 
 205 146 
 2957 131 
 50 842 
 2711 790 
 317 73 
 3627 349 
 3085 58 
 80 596 
 3828 434 
 2897 819 
 3038 379 
 2321 874 
 1280 102 
 1612 337 
 3017 460 
 2386 513 
 53 295 
 1840 376 
 3405 605 
 3086 225 
 562 551 
 2235 293 
 2871 879 
 2795 673 
 1761 158 
 2478 679 
 4086 623 
 3020 875 
 2711 557 
 1790 767 
 3230 93 
 3931 928 
 3751 764 
 1521 855 
 3238 443 
 16 169 
 281 478 
 2756 348 
 3257 138 
 3155 102 
 1370 349 
 826 277 
 1515 16 
 116 453 
 2311 270 
 2355 542 
 3728 650 
 754 486 
 2276 804 
 1509 774 
 2471 819 
 1490 241 
 2520 59 
 3266 789 
 2866 441 
 4100 642 
 3475 795 
 1652 708 
 2931 774 
 4157 742 
 1539 153 
 3357 281 
 1708 819 
 1927 195 
 3593 97 
 624 36 
 766 663 
 1679 259 
 1788 836 
 29 855 
 820 349 
 3149 328 
 1693 388 
 2107 874 
 193 899 
 2274 520 
 3464 146 
 2816 37 
 102 406 
 3622 337 
 3467 349 
 3876 91 
 251 465 
 3068 608 
 3626 583 
 3781 879 
 2612 282 
 2356 855 
 2784 681 
 2916 855 
 1312 146 
 2852 774 
 261 431 
 1474 778 
 2071 583 
 874 834 
 3314 605 
 3143 618 
 1933 176 
 3605 789 
 4102 223 
 1451 184 
 448 451 
 3238 809 
 2260 855 
 2364 206 
 4131 102 
 1582 389 
 1151 39 
 3401 524 
 2071 627 
 170 225 
 2607 102 
 3734 520 
 964 325 
 3225 146 
 2929 299 
 427 325 
 593 73 
 1746 281 
 1860 549 
 2678 829 
 2956 708 
 943 922 
 3498 693 
 2448 263 
 2247 705 
 2296 146 
 633 388 
 3674 694 
 4027 377 
 1024 874 
 844 453 
 771 109 
 2640 880 
 2700 767 
 3035 585 
 684 325 
 4053 716 
 773 882 
 46 279 
 2789 928 
 170 817 
 1384 922 
 1963 903 
 2402 814 
 967 173 
 826 403 
 810 311 
 1036 349 
 3512 698 
 2202 880 
 3740 879 
 1453 364 
 5 806 
 2181 557 
 492 760 
 4153 849 
 2205 484 
 3985 259 
 335 170 
 3376 384 
 318 486 
 148 94 
 2417 938 
 2398 281 
 2784 177 
 2840 744 
 2914 842 
 3927 819 
 4274 281 
 3225 325 
 210 453 
 4185 236 
 1669 631 
 1612 574 
 3887 72 
 492 474 
 2205 285 
 356 855 
 985 579 
 1236 631 
 2609 755 
 3813 102 
 2205 932 
 1470 903 
 2494 677 
 2364 170 
 3680 281 
 115 819 
 3224 469 
 3552 627 
 3112 223 
 1723 842 
 1055 708 
 4168 181 
 1868 339 
 3293 138 
 3619 829 
 550 225 
 257 177 
 3035 241 
 3633 911 
 998 474 
 1663 601 
 672 102 
 3111 631 
 108 138 
 730 759 
 2503 47 
 2845 241 
 20 855 
 2940 669 
 1596 744 
 3280 281 
 1075 93 
 2953 559 
 2427 559 
 3008 281 
 846 855 
 4051 283 
 3161 614 
 541 681 
 4084 109 
 1394 903 
 3007 678 
 118 563 
 3652 325 
 2310 532 
 511 5 
 1249 356 
 1933 539 
 3643 755 
 455 726 
 2734 619 
 1915 281 
 822 879 
 131 223 
 2932 785 
 2816 144 
 3891 520 
 82 325 
 982 796 
 13 795 
 386 180 
 586 202 
 2130 631 
 1138 259 
 3958 797 
 1356 153 
 48 678 
 4249 40 
 2862 269 
 2956 281 
 4273 100 
 2064 850 
 3982 697 
 2784 403 
 2115 259 
 4173 605 
 3315 663 
 1089 585 
 3745 350 
 2998 328 
 766 92 
 2936 914 
 3927 281 
 2068 543 
 2827 528 
 356 403 
 3211 903 
 3904 808 
 2112 285 
 1866 715 
 3738 138 
 1444 736 
 4043 379 
 2836 715 
 3228 102 
 279 281 
 215 842 
 2582 855 
 2952 613 
 3143 932 
 644 819 
 801 631 
 518 93 
 3610 146 
 987 806 
 2945 281 
 1073 533 
 2800 644 
 2295 433 
 1907 79 
 987 842 
 1809 279 
 256 281 
 2839 336 
 798 738 
 326 642 
 217 241 
 2690 867 
 960 855 
 1553 678 
 1802 392 
 2697 231 
 300 928 
 2839 498 
 3047 205 
 1301 704 
 2288 241 
 1963 490 
 4099 392 
 3434 694 
 3941 195 
 3143 831 
 1817 917 
 3021 770 
 4101 165 
 820 563 
 2082 729 
 2818 146 
 3970 442 
 4177 177 
 3456 819 
 2504 760 
 1971 109 
 4094 678 
 2174 871 
 3340 87 
 1253 256 
 2478 422 
 3237 146 
 2609 432 
 2800 136 
 3565 770 
 1768 269 
 3756 282 
 1285 922 
 4162 627 
 3921 376 
 3372 146 
 1478 767 
 4086 238 
 1522 109 
 614 710 
 1499 767 
 2738 681 
 3715 349 
 908 477 
 1635 50 
 2187 102 
 3666 281 
 3167 120 
 3892 555 
 3692 510 
 97 11 
 2321 744 
 1216 705 
 1583 708 
 2219 855 
 1225 842 
 279 708 
 932 241 
 2365 681 
 3086 701 
 1286 303 
 384 169 
 910 32 
 279 269 
 1933 816 
 3565 715 
 3211 744 
 1931 102 
 2208 834 
 1760 12 
 1183 309 
 1755 259 
 3632 385 
 5 545 
 2415 563 
 1254 644 
 1033 804 
 1226 789 
 2768 118 
 3852 678 
 17 629 
 3997 591 
 949 310 
 1470 742 
 1785 928 
 1242 332 
 3507 694 
 3387 537 
 41 790 
 4163 281 
 852 928 
 2415 842 
 4123 520 
 4207 147 
 2757 743 
 577 451 
 1049 577 
 448 557 
 1813 669 
 3299 644 
 1110 819 
 3605 580 
 3590 806 
 3688 195 
 2231 388 
 1635 125 
 2387 855 
 3477 928 
 3064 900 
 3488 650 
 3085 903 
 3545 308 
 1656 586 
 3959 855 
 2970 116 
 3366 490 
 3118 379 
 4130 223 
 818 184 
 3430 562 
 3668 928 
 217 585 
 2515 650 
 4210 849 
 1417 59 
 637 180 
 899 528 
 3332 385 
 843 548 
 4115 902 
 4099 118 
 1716 308 
 2411 523 
 2196 678 
 2199 860 
 1677 389 
 1093 533 
 4240 767 
 4217 10 
 826 177 
 930 305 
 830 874 
 2191 657 
 1151 831 
 3396 267 
 2041 708 
 1628 512 
 3984 388 
 3086 748 
 2536 855 
 953 325 
 1907 774 
 3916 102 
 1696 684 
 1259 533 
 135 880 
 3615 169 
 3147 432 
 753 500 
 4201 58 
 677 621 
 17 49 
 3340 535 
 1703 45 
 3494 564 
 200 179 
 990 102 
 1969 708 
 689 513 
 2282 928 
 2576 585 
 593 692 
 541 419 
 2511 102 
 1707 209 
 2694 169 
 2077 819 
 47 476 
 3790 282 
 2385 551 
 3409 95 
 1289 179 
 3143 505 
 1635 466 
 2969 177 
 1613 846 
 3445 765 
 694 819 
 826 430 
 178 675 
 2697 617 
 870 259 
 3476 767 
 3669 350 
 4069 855 
 2595 131 
 88 336 
 873 886 
 2251 257 
 2026 748 
 3759 308 
 382 559 
 589 855 
 1612 181 
 3767 855 
 1884 631 
 3858 266 
 3377 363 
 1087 101 
 1101 146 
 4181 102 
 1301 6 
 3478 512 
 3007 790 
 3938 37 
 2665 835 
 1433 675 
 3158 250 
 3565 490 
 514 913 
 1711 849 
 1345 819 
 3571 564 
 2392 181 
 1093 675 
 392 102 
 4084 664 
 2699 734 
 3938 302 
 1522 632 
 927 928 
 2101 724 
 4277 557 
 3031 533 
 655 903 
 2642 677 
 1877 138 
 2845 585 
 1956 184 
 908 729 
 1446 819 
 2062 263 
 1752 922 
 1839 563 
 475 533 
 1776 522 
 2223 325 
 826 681 
 4165 548 
 917 368 
 1158 386 
 959 259 
 2478 94 
 2516 855 
 87 903 
 1316 266 
 581 708 
 3669 557 
 2321 490 
 2768 760 
 310 796 
 1509 895 
 3841 267 
 1457 744 
 2047 874 
 494 902 
 247 631 
 4160 281 
 3086 419 
 2140 879 
 4010 424 
 3517 388 
 830 742 
 974 819 
 4039 256 
 2840 58 
 3926 549 
 2066 724 
 766 215 
 953 146 
 4177 681 
 1596 742 
 3558 43 
 4096 72 
 2129 3 
 861 392 
 2411 655 
 1879 512 
 4275 349 
 4066 407 
 1333 180 
 3351 708 
 82 146 
 215 349 
 3854 936 
 4068 308 
 463 325 
 4119 259 
 2159 131 
 4085 241 
 2763 281 
 1949 778 
 2738 419 
 2581 855 
 2954 819 
 687 146 
 3630 490 
 906 903 
 2503 739 
 2528 403 
 3017 730 
 261 136 
 1231 223 
 853 631 
 4269 849 
 2646 262 
 3633 932 
 2462 842 
 1887 776 
 1980 523 
 494 748 
 266 708 
 3278 532 
 3237 388 
 3008 269 
 1024 742 
 763 819 
 3652 153 
 1907 308 
 3148 932 
 3692 350 
 644 708 
 1933 161 
 2475 136 
 203 102 
 1969 819 
 3062 37 
 2078 928 
 1205 73 
 1492 719 
 906 58 
 228 685 
 2575 608 
 959 520 
 159 443 
 1309 446 
 745 585 
 3056 259 
 1370 563 
 3416 512 
 3803 241 
 217 942 
 3020 705 
 983 662 
 3194 229 
 300 632 
 1237 580 
 3858 118 
 217 504 
 3605 790 
 2622 301 
 3832 434 
 4085 942 
 367 349 
 4011 133 
 1825 388 
 71 627 
 4197 372 
 1557 778 
 483 767 
 188 607 
 2328 196 
 803 708 
 300 128 
 2414 146 
 2029 684 
 2981 520 
 2393 855 
 1893 102 
 2480 325 
 684 146 
 4033 261 
 3782 439 
 2131 453 
 1243 16 
 3503 649 
 2860 259 
 3847 321 
 509 325 
 3701 419 
 435 551 
 2684 223 
 1689 110 
 424 755 
 1712 279 
 619 395 
 1362 153 
 964 545 
 229 93 
 1777 767 
 1495 388 
 3120 842 
 579 849 
 2595 886 
 3800 748 
 2447 61 
 1127 855 
 839 214 
 1530 599 
 2530 760 
 3938 413 
 1776 421 
 23 196 
 660 928 
 2390 363 
 1031 323 
 1685 153 
 250 269 
 2308 8 
 1336 357 
 425 451 
 41 61 
 671 512 
 1151 618 
 2625 563 
 829 410 
 4060 520 
 1457 490 
 3447 690 
 808 784 
 372 631 
 3495 922 
 430 942 
 4026 767 
 1740 855 
 2473 559 
 331 705 
 4161 169 
 2962 367 
 2229 533 
 3515 767 
 694 269 
 3639 269 
 2033 577 
 3390 631 
 2435 510 
 4201 903 
 2669 834 
 1587 22 
 655 715 
 2379 109 
 3048 109 
 2326 282 
 227 744 
 1693 153 
 2417 259 
 2450 819 
 1175 631 
 133 746 
 1314 106 
 1857 1 
 4159 650 
 245 855 
 338 462 
 3647 341 
 2627 102 
 1450 577 
 2969 701 
 141 819 
 4190 225 
 2404 796 
 2247 121 
 779 767 
 3100 308 
 830 770 
 694 708 
 3447 789 
 684 388 
 2011 708 
 1423 281 
 3843 747 
 2303 93 
 270 744 
 1987 543 
 2648 457 
 3953 855 
 356 225 
 328 627 
 331 121 
 585 938 
 3470 259 
 3605 678 
 2435 580 
 3974 62 
 2170 732 
 3366 903 
 3021 490 
 1510 880 
 633 146 
 3692 557 
 1815 325 
 2740 3 
 2235 712 
 387 819 
 2852 436 
 559 488 
 668 694 
 2112 649 
 3447 510 
 2529 659 
 4226 577 
 90 839 
 2693 863 
 5 228 
 3317 61 
 3090 490 
 2417 188 
 1495 153 
 1703 451 
 3895 716 
 521 748 
 1108 761 
 2308 181 
 3198 855 
 3938 144 
 2047 770 
 410 18 
 425 580 
 1470 770 
 2112 932 
 1388 855 
 3200 431 
 1719 855 
 771 834 
 661 412 
 1400 102 
 3449 142 
 3043 228 
 3705 307 
 2557 59 
 3632 678 
 2772 532 
 550 177 
 3836 446 
 1645 583 
 2718 855 
 3368 146 
 2466 252 
 1237 510 
 3086 681 
 324 376 
 279 819 
 3986 451 
 2011 269 
 2868 669 
 3605 45 
 2756 774 
 2882 439 
 1151 54 
 3969 631 
 2068 914 
 854 102 
 408 282 
 1970 269 
 845 579 
 1024 903 
 4055 18 
 3407 734 
 3364 750 
 884 686 
 1573 842 
 2068 900 
 1345 281 
 3912 166 
 984 631 
 2146 349 
 439 439 
 2727 885 
 2465 481 
 309 675 
 4170 184 
 2160 708 
 4094 690 
 1522 282 
 2747 190 
 3670 631 
 286 433 
 437 834 
 1596 58 
 2482 250 
 694 281 
 1310 577 
 118 289 
 4217 155 
 802 402 
 3632 173 
 1757 8 
 2782 849 
 4166 607 
 3752 753 
 1756 169 
 3929 269 
 943 834 
 2732 102 
 3228 627 
 1926 797 
 4190 902 
 2639 880 
 253 774 
 3626 627 
 644 269 
 1237 61 
 4168 53 
 3728 241 
 3164 532 
 2025 388 
 998 360 
 286 368 
 1839 842 
 356 906 
 1226 690 
 1226 451 
 79 819 
 953 388 
 3218 855 
 2051 225 
 1370 687 
 3054 223 
 585 153 
 1433 109 
 17 414 
 4086 297 
 2941 325 
 2525 481 
 4200 850 
 79 281 
 2963 852 
 266 281 
 3954 580 
 4233 675 
 4094 510 
 2471 281 
 3296 66 
 3108 259 
 2170 740 
 784 17 
 4169 650 
 1446 708 
 1933 772 
 2763 708 
 3669 45 
 1391 748 
 1326 281 
 1658 230 
 2738 701 
 4204 701 
 107 206 
 2900 146 
 2513 577 
 2228 856 
 1274 855 
 1988 490 
 752 345 
 3669 451 
 3633 618 
 2074 52 
 1115 645 
 3238 472 
 229 586 
 1357 724 
 686 83 
 1362 325 
 3254 512 
 2816 760 
 3408 882 
 3148 831 
 3938 393 
 3005 773 
 471 933 
 1442 67 
 1650 809 
 1559 928 
 38 563 
 2347 142 
 3404 834 
 1504 603 
 184 102 
 4255 941 
 412 223 
 986 128 
 3100 290 
 903 146 
 2089 389 
 2365 430 
 4232 166 
 65 376 
 2435 678 
 1454 425 
 3826 349 
 1129 618 
 3464 325 
 3403 336 
 2433 259 
 253 696 
 3888 285 
 2275 631 
 1635 357 
 100 153 
 2643 138 
 1879 223 
 1490 942 
 3689 579 
 2821 302 
 2964 65 
 3366 744 
 3445 779 
 2276 836 
 1312 388 
 156 308 
 2285 194 
 68 631 
 2075 217 
 3649 427 
 3849 855 
 497 767 
 3096 520 
 3797 741 
 803 281 
 2786 773 
 2697 901 
 463 388 
 3516 345 
 2936 900 
 3043 498 
 3562 18 
 1502 866 
 1770 860 
 3382 770 
 0 388 
 1019 121 
 3954 451 
 3749 431 
 1988 742 
 1141 146 
 3920 937 
 308 579 
 1866 874 
 2743 767 
 4185 363 
 1689 75 
 572 520 
 1907 696 
 457 293 
 1225 563 
 1073 109 
 296 489 
 2859 195 
 2542 179 
 2350 153 
 2321 742 
 2321 903 
 445 59 
 1953 886 
 1758 577 
 2496 678 
 2295 551 
 1698 549 
 475 664 
 612 675 
 3745 510 
 3317 557 
 953 153 
 2821 717 
 115 269 
 2307 269 
 2519 783 
 585 188 
 3431 92 
 3332 580 
 1578 855 
 1223 3 
 3666 708 
 4081 563 
 2079 372 
 2367 385 
 1530 403 
 3417 349 
 1495 146 
 1294 244 
 2733 532 
 2205 911 
 1728 158 
 2738 599 
 2574 269 
 1709 643 
 282 725 
 2059 184 
 1167 259 
 577 385 
 4097 767 
 3167 746 
 3630 715 
 3514 30 
 1367 879 
 2575 944 
 3856 388 
 2901 928 
 1276 520 
 4120 25 
 1751 131 
 551 543 
 793 855 
 1019 436 
 3447 451 
 1439 486 
 4091 783 
 3361 892 
 3309 5 
 317 692 
 710 797 
 2053 228 
 4024 847 
 8 744 
 71 102 
 616 438 
 1980 769 
 1026 101 
 2171 486 
 826 701 
 632 533 
 2862 281 
 3629 798 
 3085 490 
 4238 323 
 2364 454 
 2445 631 
 270 742 
 3161 113 
 1432 478 
 733 589 
 1179 308 
 885 773 
 1849 941 
 1767 59 
 2307 281 
 4013 284 
 2805 942 
 1236 259 
 2993 592 
 5 842 
 4177 599 
 3143 298 
 1661 93 
 3803 102 
 3837 330 
 338 521 
 4107 576 
 3238 811 
 885 158 
 942 725 
 1633 702 
 560 675 
 3772 250 
 2392 337 
 994 259 
 1768 563 
 585 259 
 1803 730 
 3332 451 
 399 532 
 3377 236 
 70 559 
 1848 532 
 3575 684 
 3751 524 
 4259 95 
 41 384 
 3241 325 
 345 577 
 4105 350 
 466 57 
 2724 892 
 1089 241 
 327 715 
 2800 431 
 242 198 
 3414 481 
 784 10 
 4238 780 
 1329 131 
 2726 796 
 572 282 
 377 922 
 873 131 
 3480 721 
 1477 340 
 3469 109 
 2602 585 
 1624 349 
 1296 146 
 1364 281 
 2323 557 
 1768 281 
 2020 750 
 2040 132 
 3567 477 
 1142 650 
 1012 478 
 3416 223 
 684 153 
 1784 767 
 1907 121 
 2188 259 
 714 890 
 2248 259 
 823 842 
 2902 784 
 3313 563 
 1648 388 
 5 289 
 3276 502 
 1798 520 
 1152 631 
 3726 388 
 1945 131 
 2736 269 
 433 325 
 4125 922 
 3121 169 
 1148 453 
 3567 727 
 2989 223 
 2229 664 
 2447 690 
 268 708 
 1591 801 
 4185 369 
 1050 153 
 1522 675 
 3503 285 
 2535 576 
 3776 928 
 4105 173 
 3692 580 
 556 721 
 2257 75 
 347 425 
 327 770 
 2915 855 
 2343 229 
 341 773 
 230 296 
 3126 855 
 2016 563 
 4212 224 
 2204 152 
 1351 728 
 1023 577 
 3173 821 
 3526 692 
 3411 153 
 764 669 
 3031 282 
 1192 797 
 3632 451 
 3599 811 
 1983 819 
 3633 831 
 3351 269 
 1768 842 
 3154 269 
 2729 131 
 3019 388 
 4072 928 
 4050 430 
 2299 241 
 3266 384 
 1922 141 
 626 453 
 4007 325 
 655 742 
 4062 498 
 2612 259 
 2184 270 
 2713 325 
 118 644 
 4123 282 
 3385 259 
 3788 627 
 463 146 
 3734 282 
 2106 612 
 1284 488 
 337 262 
 2678 121 
 2689 585 
 127 109 
 1059 542 
 4274 819 
 2229 675 
 3103 933 
 3488 241 
 1343 259 
 1032 241 
 1560 66 
 389 510 
 356 177 
 678 631 
 887 259 
 194 627 
 3556 146 
 8 742 
 4276 102 
 4230 76 
 3669 580 
 3505 771 
 1743 855 
 3560 66 
 3926 836 
 1141 153 
 2738 748 
 593 442 
 1915 708 
 4104 66 
 0 146 
 2255 102 
 3743 453 
 763 281 
 3605 690 
 3711 214 
 3343 473 
 2205 831 
 3929 281 
 2205 649 
 3542 906 
 989 928 
 508 631 
 2975 563 
 1172 282 
 1237 678 
 327 490 
 18 903 
 30 281 
 1382 66 
 3154 819 
 1073 282 
 3086 817 
 1241 678 
 2778 577 
 3963 785 
 3043 386 
 2160 819 
 898 259 
 3403 26 
 826 906 
 2738 403 
 597 511 
 389 384 
 3341 551 
 3313 842 
 45 173 
 3622 226 
 2882 196 
 1592 18 
 1522 128 
 1980 199 
 767 102 
 2711 789 
 3168 642 
 2044 850 
 494 225 
 2138 430 
 2797 259 
 351 259 
 2963 879 
 776 259 
 3853 727 
 1639 808 
 113 574 
 1741 928 
 543 452 
 946 376 
 2047 742 
 625 283 
 2112 911 
 1067 3 
 2508 325 
 1118 879 
 364 694 
 2477 300 
 1339 715 
 1676 909 
 2471 708 
 2591 733 
 3731 379 
 3147 80 
 2411 199 
 3181 694 
 2923 664 
 2838 269 
 2665 350 
 2435 790 
 42 928 
 2487 828 
 3246 549 
 1424 551 
 3778 928 
 3275 767 
 3741 184 
 3418 169 
 3853 198 
 2296 388 
 4072 520 
 3851 430 
 2881 585 
 3862 303 
 1269 669 
 1649 173 
 3430 78 
 1943 146 
 679 767 
 2350 325 
 3617 388 
 697 489 
 2299 585 
 2923 675 
 2344 767 
 2355 223 
 988 489 
 2818 325 
 3287 102 
 4219 102 
 3683 922 
 2794 855 
 890 724 
 333 18 
 2388 65 
 1714 189 
 3873 585 
 1050 325 
 3856 325 
 4214 684 
 1390 631 
 2510 916 
 2429 577 
 4012 299 
 2549 650 
 3012 842 
 3108 834 
 1980 272 
 539 748 
 3100 705 
 1325 767 
 448 678 
 1101 388 
 300 59 
 900 72 
 3638 598 
 577 669 
 4237 451 
 2102 850 
 2327 842 
 319 819 
 456 184 
 3447 45 
 2784 906 
 1727 100 
 727 173 
 544 333 
 2920 631 
 1930 721 
 3467 563 
 3792 179 
 1647 784 
 640 296 
 286 870 
 964 259 
 1608 156 
 824 581 
 2435 350 
 1586 146 
 1933 626 
 1316 392 
 595 516 
 1172 834 
 2969 681 
 3682 922 
 5 667 
 4157 903 
 1717 378 
 3100 79 
 2128 715 
 2638 350 
 980 102 
 635 579 
 2392 53 
 1538 66 
 1561 758 
 2531 198 
 2293 577 
 1434 580 
 929 269 
 3839 855 
 1890 721 
 2331 138 
 1391 906 
 251 79 
 2435 385 
 1957 926 
 2118 259 
 3909 564 
 4222 66 
 4115 748 
 1101 153 
 1303 196 
 3526 73 
 1522 533 
 3069 631 
 1822 549 
 4032 855 
 2478 96 
 915 607 
 3571 279 
 1232 729 
 4163 708 
 2166 850 
 3332 557 
 3344 834 
 1953 131 
 1335 158 
 4233 533 
 629 223 
 4086 205 
 3556 325 
 3007 384 
 767 627 
 1855 796 
 113 883 
 94 789 
 2917 195 
 2853 849 
 2945 708 
 1329 751 
 1351 121 
 448 690 
 4193 466 
 4182 933 
 253 121 
 3640 320 
 1316 360 
 3562 834 
 509 388 
 2954 281 
 3107 585 
 4274 708 
 784 245 
 3070 729 
 395 519 
 1872 349 
 98 188 
 625 219 
 322 855 
 3869 819 
 2274 282 
 1745 377 
 3393 742 
 527 718 
 128 368 
 1161 206 
 1013 462 
 2411 526 
 80 333 
 164 669 
 1019 705 
 3299 136 
 3343 587 
 2681 102 
 4080 778 
 4177 902 
 1151 911 
 2825 855 
 3028 647 
 3020 516 
 814 855 
 1828 677 
 1110 269 
 1058 874 
 1337 767 
 2956 819 
 2531 880 
 2592 627 
 62 50 
 1480 349 
 2295 870 
 2941 153 
 2290 900 
 1973 259 
 2125 146 
 1513 834 
 3138 134 
 3938 118 
 1414 66 
 2065 708 
 2465 850 
 4140 724 
 127 533 
 448 790 
 3376 690 
 1900 738 
 2481 102 
 1652 819 
 433 153 
 4101 170 
 2644 595 
 2157 895 
 2597 102 
 2528 277 
 227 490 
 2666 842 
 3692 789 
 1659 350 
 1837 849 
 3728 942 
 475 675 
 4092 490 
 3076 855 
 559 377 
 826 902 
 585 146 
 896 900 
 1310 849 
 3090 903 
 3253 269 
 1536 281 
 3447 61 
 1804 750 
 826 748 
 3022 102 
 1837 18 
 3007 690 
 1768 197 
 1933 534 
 3090 744 
 1077 642 
 524 664 
 8 770 
 1410 153 
 964 638 
 552 294 
 2074 705 
 2318 678 
 1664 583 
 1737 355 
 1448 819 
 3070 727 
 4051 219 
 3253 819 
 4136 706 
 935 66 
 309 195 
 1702 564 
 2435 45 
 3742 855 
 3900 12 
 2146 842 
 2322 745 
 2884 102 
 272 640 
 389 45 
 4003 250 
 3547 694 
 1848 227 
 2659 512 
 2956 269 
 1363 886 
 546 834 
 1957 43 
 560 109 
 150 166 
 301 678 
 1123 941 
 136 734 
 139 376 
 1270 428 
 715 385 
 209 146 
 3869 708 
 161 66 
 3636 269 
 3728 585 
 2013 184 
 4072 282 
 1032 942 
 147 555 
 2412 195 
 1316 760 
 7 376 
 2613 855 
 745 241 
 3697 929 
 1129 285 
 1014 767 
 4158 855 
 178 533 
 3565 874 
 1540 466 
 1129 505 
 393 767 
 3938 360 
 3904 581 
 1963 742 
 2399 95 
 457 712 
 1517 842 
 14 678 
 3822 855 
 609 489 
 3105 642 
 0 153 
 205 59 
 1151 932 
 94 690 
 3820 673 
 3430 242 
 3693 524 
 2689 38 
 787 173 
 3117 559 
 2793 269 
 4086 833 
 141 281 
 3896 627 
 1663 861 
 2050 360 
 1970 819 
 3759 895 
 3622 181 
 862 282 
 2805 67 
 1758 849 
 2392 226 
 2226 153 
 3692 385 
 1292 522 
 3930 855 
 3576 846 
 1241 790 
 1507 846 
 3310 269 
 1129 39 
 3783 259 
 3382 490 
 807 308 
 2055 631 
 1361 102 
 2299 942 
 716 100 
 2946 379 
 426 425 
 64 439 
 677 282 
 1342 896 
 427 146 
 591 146 
 4204 225 
 4162 583 
 1183 291 
 4063 594 
 1912 153 
 3262 151 
 5 349 
 1002 631 
 3811 59 
 3478 223 
 484 579 
 1834 855 
 4020 846 
 3569 259 
 3317 45 
 929 819 
 1580 914 
 1379 855 
 110 535 
 1129 292 
 2569 725 
 3472 551 
 2373 223 
 1348 340 
 1557 121 
 2780 675 
 338 390 
 3750 716 
 1174 928 
 3960 310 
 717 767 
 4135 166 
 4186 453 
 1768 298 
 4029 439 
 3248 259 
 1283 773 
 2166 481 
 1536 819 
 3266 580 
 3333 130 
 3147 564 
 2301 512 
 5 644 
 1614 269 
 3890 819 
 118 349 
 315 941 
 2972 928 
 134 453 
 2028 259 
 1144 102 
 3848 694 
 3021 58 
 2793 281 
 794 156 
 3978 463 
 2099 138 
 1876 196 
 4160 819 
 1237 45 
 3986 557 
 1364 708 
 2871 72 
 1297 259 
 1774 481 
 257 701 
 2932 646 
 3590 386 
 3939 191 
 1853 797 
 2980 590 
 3295 577 
 227 770 
 494 430 
 2315 379 
 2753 259 
 998 392 
 1493 102 
 2821 746 
 1612 226 
 3014 431 
 1933 77 
 1734 548 
 4217 754 
 3459 72 
 2297 513 
 2836 490 
 1205 741 
 41 45 
 2738 902 
 4157 490 
 2163 588 
 2513 849 
 687 153 
 4217 17 
 84 72 
 2319 102 
 2784 419 
 2832 855 
 27 259 
 3891 928 
 3690 922 
 194 583 
 1937 748 
 3403 806 
 1326 269 
 4211 131 
 3765 797 
 1300 846 
 1307 349 
 3639 819 
 1768 819 
 2107 715 
 1448 281 
 4277 580 
 1464 821 
 21 169 
 3855 794 
 612 849 
 3000 436 
 2235 390 
 356 817 
 1350 773 
 3151 719 
 800 631 
 3827 855 
 3060 371 
 1738 941 
 3503 484 
 2895 533 
 2549 241 
 3342 941 
 348 795 
 1530 817 
 3709 248 
 1059 320 
 615 537 
 1866 903 
 2042 595 
 3417 572 
 1060 563 
 1708 269 
 3544 92 
 3498 785 
 1952 577 
 1394 770 
 701 81 
 711 579 
 3000 895 
 1731 870 
 3188 13 
 2836 742 
 2484 708 
 3123 190 
 455 892 
 625 834 
 3858 393 
 1732 819 
 1013 712 
 1592 244 
 722 675 
 4157 770 
 623 13 
 1937 430 
 140 138 
 1252 842 
 251 705 
 2326 520 
 3238 898 
 2435 690 
 4201 770 
 1963 874 
 3392 915 
 1625 796 
 299 559 
 3150 675 
 3137 358 
 302 568 
 1646 577 
 1933 668 
 387 281 
 2258 325 
 2690 354 
 1977 259 
 460 716 
 603 58 
 2521 693 
 1306 179 
 2745 486 
 2048 284 
 1151 298 
 1034 669 
 942 528 
 2314 488 
 1200 349 
 2010 179 
 2034 846 
 1312 153 
 2077 269 
 733 216 
 2258 388 
 4137 664 
 2554 637 
 3624 855 
 3388 483 
 3217 269 
 3701 902 
 1301 318 
 2893 760 
 3237 325 
 1394 742 
 2447 451 
 1699 850 
 827 349 
 1836 892 
 4200 481 
 3305 773 
 2891 206 
 1661 586 
 242 880 
 4085 694 
 2235 521 
 3559 259 
 939 594 
 2478 375 
 1531 349 
 1945 751 
 3107 102 
 1339 490 
 1151 505 
 892 580 
 3145 611 
 306 388 
 1914 22 
 3096 282 
 4201 490 
 737 103 
 2735 102 
 3213 834 
 756 381 
 1172 520 
 807 778 
 3669 690 
 3264 179 
 3182 138 
 195 259 
 3938 474 
 1768 448 
 1758 359 
 169 102 
 541 748 
 2470 627 
 1729 767 
 2319 627 
 3100 722 
 3424 577 
 170 902 
 945 855 
 3458 684 
 1222 491 
 3511 501 
 430 241 
 1363 131 
 3071 354 
 494 599 
 705 698 
 754 456 
 834 173 
 961 453 
 1514 581 
 964 289 
 2100 741 
 227 715 
 94 45 
 1597 432 
 771 675 
 2299 650 
 1530 748 
 3120 289 
 4204 430 
 1250 708 
 1061 379 
 3939 215 
 3630 58 
 1423 819 
 3797 442 
 2820 577 
 987 228 
 2793 819 
 2279 886 
 1657 880 
 2821 935 
 3905 92 
 2449 18 
 2923 109 
 3258 795 
 784 119 
 3082 141 
 964 388 
 2599 855 
 75 627 
 4216 259 
 2157 463 
 2544 577 
 3879 308 
 2021 834 
 2391 677 
 639 696 
 118 431 
 2223 388 
 2224 778 
 2126 566 
 1364 819 
 633 325 
 3000 840 
 4092 744 
 82 388 
 4050 748 
 826 419 
 2052 376 
 2112 39 
 2447 790 
 3384 109 
 608 559 
 3360 635 
 2450 281 
 3914 19 
 4275 563 
 2435 384 
 94 580 
 1933 157 
 2478 409 
 251 52 
 1407 842 
 1480 146 
 1569 259 
 2985 708 
 88 498 
 2047 490 
 3175 553 
 959 22 
 168 819 
 1821 928 
 3886 473 
 356 599 
 2361 806 
 731 595 
 358 855 
 2348 773 
 3539 684 
 612 109 
 1685 146 
 356 419 
 3701 748 
 2231 153 
 1782 928 
 3715 563 
 3669 61 
 4163 819 
 1261 855 
 2259 509 
 3014 644 
 257 225 
 1158 228 
 2768 37 
 966 554 
 2496 846 
 829 797 
 2684 512 
 2566 388 
 1411 516 
 648 101 
 3749 644 
 1484 928 
 3225 388 
 3649 14 
 1073 675 
 3531 153 
 2366 147 
 2309 131 
 2589 448 
 3810 728 
 4233 664 
 2005 345 
 550 681 
 3095 270 
 3680 269 
 680 715 
 3858 144 
 223 221 
 2176 388 
 2897 708 
 4138 146 
 4143 282 
 251 607 
 4204 599 
 2355 286 
 2890 158 
 2780 533 
 2783 499 
 2675 66 
 2407 678 
 3294 579 
 2645 533 
 3125 775 
 2026 599 
 669 72 
 453 550 
 3841 116 
 446 577 
 2842 349 
 3693 764 
 835 852 
 2230 376 
 3148 39 
 412 512 
 3899 59 
 2978 61 
 3152 631 
 239 896 
 4250 241 
 1576 464 
 2977 595 
 666 376 
 3332 669 
 82 153 
 3788 583 
 422 138 
 1875 631 
 1060 842 
 256 708 
 2780 109 
 250 819 
 215 563 
 2706 928 
 156 774 
 12 546 
 3908 97 
 3288 778 
 1259 282 
 677 22 
 46 564 
 3490 481 
 1139 801 
 2872 928 
 3984 146 
