 579 709 
 537 765 
 524 241 
 368 19 
 651 124 
 101 194 
 83 48 
 448 435 
 151 460 
 43 460 
 459 99 
 243 322 
 566 322 
 332 175 
 38 115 
 363 67 
 141 85 
 125 309 
 624 374 
 624 288 
 48 368 
 43 1169 
 43 988 
 190 150 
 536 1041 
 148 309 
 580 225 
 87 461 
 594 108 
 291 470 
 382 183 
 486 183 
 120 288 
 247 150 
 631 113 
 692 58 
 176 237 
 242 613 
 183 71 
 523 989 
 397 246 
 286 6 
 561 98 
 541 330 
 183 273 
 522 119 
 50 165 
 11 26 
 49 165 
 143 994 
 321 183 
 509 429 
 50 461 
 58 330 
 569 278 
 631 485 
 499 1151 
 437 362 
 41 460 
 697 1011 
 90 358 
 346 60 
 309 459 
 374 102 
 58 221 
 127 98 
 567 309 
 423 1169 
 661 73 
 573 1161 
 640 315 
 83 88 
 306 989 
 579 646 
 19 119 
 23 279 
 506 322 
 503 581 
 242 461 
 672 1166 
 367 302 
 410 183 
 564 435 
 496 140 
 347 460 
 50 435 
 607 988 
 227 124 
 268 7 
 638 985 
 257 98 
 448 256 
 136 288 
 523 302 
 202 442 
 133 994 
 101 309 
 48 164 
 251 201 
 595 67 
 574 175 
 330 232 
 10 985 
 564 60 
 12 987 
 624 326 
 110 1166 
 174 407 
 508 39 
 194 48 
 145 435 
 339 246 
 329 374 
 112 320 
 82 237 
 523 71 
 299 1508 
 671 139 
 74 326 
 291 584 
 138 994 
 693 95 
 252 328 
 48 309 
 406 102 
 10 493 
 423 988 
 423 460 
 340 328 
 694 164 
 225 232 
 110 460 
 46 1176 
 316 164 
 272 435 
 72 430 
 529 309 
 436 115 
 171 435 
 422 459 
 432 88 
 381 988 
 183 1166 
 292 48 
 366 124 
 344 237 
 330 139 
 432 108 
 7 459 
 245 194 
 93 26 
 671 322 
 564 278 
 411 150 
 306 988 
 346 288 
 588 194 
 182 460 
 317 164 
 597 165 
 534 26 
 477 435 
 12 988 
 418 124 
 432 48 
 276 315 
 423 989 
 379 442 
 392 232 
 69 430 
 95 459 
 317 194 
 521 613 
 359 108 
 43 1166 
 677 256 
 396 1166 
 87 165 
 570 278 
 136 407 
 15 278 
 140 67 
 74 460 
 101 374 
 613 362 
 48 175 
 133 940 
 109 407 
 607 987 
 170 916 
 287 90 
 669 64 
 120 435 
 268 689 
 361 144 
 521 545 
 108 430 
 333 89 
 588 328 
 31 82 
 521 1010 
 294 328 
 696 442 
 694 309 
 334 319 
 12 273 
 428 461 
 148 256 
 2 453 
 280 637 
 396 1169 
 225 256 
 14 990 
 569 583 
 49 256 
 152 272 
 413 166 
 299 493 
 597 309 
 46 1038 
 526 1066 
 588 461 
 316 326 
 85 985 
 686 206 
 125 256 
 425 243 
 90 442 
 586 435 
 574 366 
 374 279 
 148 374 
 172 259 
 669 326 
 22 449 
 316 374 
 93 1175 
 123 288 
 86 144 
 661 641 
 524 288 
 101 26 
 317 326 
 148 221 
 622 2 
 536 123 
 677 165 
 188 150 
 618 138 
 135 14 
 469 357 
 210 778 
 255 285 
 691 430 
 588 407 
 120 561 
 537 271 
 272 241 
 455 461 
 549 430 
 264 442 
 340 288 
 588 330 
 388 421 
 631 483 
 295 374 
 585 572 
 302 256 
 144 302 
 348 108 
 420 739 
 242 165 
 624 561 
 592 98 
 202 243 
 389 621 
 299 423 
 96 442 
 393 358 
 133 998 
 524 322 
 194 98 
 225 288 
 564 164 
 120 139 
 88 150 
 225 407 
 532 390 
 183 987 
 672 460 
 144 1166 
 543 430 
 347 361 
 50 374 
 62 6 
 703 288 
 238 1162 
 46 1177 
 172 206 
 332 366 
 123 328 
 509 150 
 539 1202 
 310 460 
 413 95 
 573 627 
 13 98 
 38 402 
 433 1186 
 170 164 
 694 326 
 135 285 
 122 67 
 581 472 
 364 150 
 144 988 
 245 164 
 341 19 
 693 166 
 330 26 
 126 273 
 454 461 
 125 358 
 10 423 
 574 99 
 120 194 
 151 493 
 188 1119 
 668 989 
 299 916 
 376 322 
 25 102 
 388 1169 
 257 288 
 524 26 
 571 189 
 281 189 
 660 246 
 321 311 
 292 940 
 144 421 
 4 430 
 616 561 
 35 368 
 550 505 
 367 472 
 244 150 
 702 73 
 611 424 
 356 518 
 473 188 
 58 435 
 46 315 
 143 998 
 40 296 
 174 328 
 19 744 
 593 311 
 206 330 
 546 238 
 427 418 
 78 34 
 522 115 
 35 374 
 43 71 
 141 359 
 221 654 
 43 987 
 616 288 
 588 374 
 444 288 
 20 1060 
 455 263 
 594 854 
 330 322 
 23 424 
 48 256 
 419 319 
 93 358 
 546 48 
 46 186 
 437 435 
 508 617 
 2 324 
 93 278 
 330 278 
 393 243 
 537 663 
 62 135 
 585 442 
 504 1201 
 72 278 
 684 786 
 686 278 
 654 288 
 329 194 
 309 73 
 431 278 
 672 273 
 637 113 
 50 368 
 48 374 
 597 368 
 588 326 
 325 243 
 569 256 
 288 346 
 560 119 
 367 273 
 567 328 
 544 430 
 478 916 
 16 278 
 225 278 
 85 475 
 564 322 
 567 366 
 511 240 
 405 150 
 429 346 
 278 459 
 41 361 
 423 1166 
 31 401 
 46 1179 
 462 164 
 10 1164 
 561 669 
 502 636 
 228 278 
 201 139 
 668 273 
 165 186 
 302 435 
 407 60 
 112 459 
 374 670 
 491 1146 
 110 302 
 581 493 
 283 417 
 43 989 
 367 493 
 401 1150 
 310 1169 
 607 989 
 429 1006 
 485 461 
 340 330 
 624 194 
 561 48 
 217 440 
 86 515 
 588 221 
 550 241 
 607 71 
 120 256 
 188 1138 
 694 561 
 130 322 
 232 291 
 420 340 
 52 108 
 379 358 
 50 330 
 650 423 
 138 995 
 361 605 
 325 358 
 211 124 
 48 328 
 463 119 
 449 366 
 316 328 
 382 514 
 340 309 
 144 71 
 669 430 
 196 482 
 678 256 
 199 857 
 297 115 
 624 164 
 110 71 
 206 240 
 675 89 
 103 1011 
 315 183 
 652 592 
 400 435 
 703 164 
 148 164 
 175 1173 
 371 326 
 291 737 
 564 288 
 252 407 
 616 322 
 645 550 
 22 181 
 384 78 
 131 175 
 575 328 
 120 328 
 156 460 
 292 998 
 616 194 
 226 81 
 612 570 
 506 26 
 616 139 
 372 442 
 84 289 
 696 243 
 499 505 
 587 459 
 561 681 
 40 1000 
 268 113 
 265 98 
 120 461 
 64 1173 
 444 241 
 423 302 
 264 243 
 122 320 
 299 1505 
 363 570 
 541 48 
 632 155 
 564 26 
 616 26 
 639 605 
 299 246 
 6 124 
 682 73 
 663 459 
 486 311 
 406 1148 
 314 1029 
 145 309 
 175 407 
 15 366 
 488 186 
 322 442 
 392 139 
 393 563 
 392 26 
 363 457 
 337 119 
 225 26 
 401 408 
 367 460 
 624 322 
 210 773 
 280 327 
 694 288 
 389 241 
 48 26 
 172 358 
 530 121 
 597 164 
 243 26 
 396 989 
 529 256 
 597 330 
 668 1169 
 300 67 
 356 665 
 526 186 
 439 374 
 626 256 
 491 150 
 110 987 
 293 73 
 579 624 
 35 165 
 597 407 
 652 477 
 60 460 
 549 366 
 597 374 
 588 435 
 478 246 
 289 430 
 195 435 
 521 569 
 523 460 
 271 407 
 138 996 
 596 421 
 324 407 
 238 1161 
 268 495 
 120 84 
 388 302 
 180 140 
 12 421 
 310 71 
 441 765 
 137 418 
 193 32 
 31 377 
 100 243 
 624 26 
 637 495 
 377 423 
 680 765 
 306 71 
 340 165 
 261 150 
 58 256 
 255 200 
 170 288 
 93 430 
 601 460 
 544 278 
 90 243 
 433 108 
 322 243 
 151 302 
 103 395 
 50 309 
 573 1162 
 183 460 
 368 709 
 420 289 
 228 288 
 179 150 
 607 1169 
 176 82 
 251 150 
 110 1169 
 617 322 
 250 60 
 433 1185 
 225 322 
 495 150 
 163 327 
 569 26 
 668 71 
 616 164 
 569 98 
 34 430 
 567 165 
 264 358 
 370 82 
 16 430 
 48 435 
 50 221 
 508 1196 
 158 987 
 575 407 
 289 165 
 442 243 
 607 460 
 255 14 
 160 309 
 431 99 
 96 243 
 654 278 
 101 561 
 677 435 
 26 48 
 626 466 
 499 994 
 460 460 
 176 377 
 553 402 
 92 164 
 457 459 
 58 309 
 656 418 
 573 657 
 624 256 
 245 326 
 201 322 
 564 139 
 499 621 
 228 460 
 672 989 
 302 328 
 506 232 
 329 326 
 49 368 
 120 368 
 185 288 
 25 1148 
 613 218 
 146 423 
 396 460 
 356 727 
 597 194 
 122 73 
 355 291 
 257 328 
 101 232 
 273 73 
 58 194 
 109 328 
 444 164 
 128 58 
 233 150 
 350 175 
 294 164 
 316 435 
 707 327 
 22 554 
 2 318 
 120 232 
 310 988 
 175 232 
 299 1165 
 312 288 
 151 472 
 294 407 
 691 278 
 493 292 
 460 421 
 48 232 
 425 358 
 108 278 
 622 40 
 203 73 
 19 1203 
 689 276 
 445 60 
 329 221 
 597 435 
 123 194 
 64 322 
 47 108 
 31 114 
 292 996 
 626 278 
 446 207 
 388 71 
 123 326 
 613 435 
 545 265 
 147 119 
 587 196 
 340 326 
 329 330 
 637 258 
 176 170 
 312 164 
 120 374 
 581 475 
 310 273 
 61 48 
 128 271 
 454 165 
 12 1166 
 631 250 
 581 985 
 101 139 
 346 256 
 375 280 
 299 1506 
 650 26 
 433 1183 
 228 435 
 520 322 
 76 358 
 184 430 
 588 309 
 495 119 
 58 164 
 2 146 
 704 442 
 332 99 
 65 108 
 299 985 
 523 1169 
 376 232 
 599 98 
 324 328 
 552 505 
 83 402 
 617 26 
 324 288 
 85 493 
 140 195 
 626 430 
 638 493 
 151 985 
 499 998 
 148 194 
 388 460 
 54 238 
 252 48 
 616 461 
 466 175 
 203 1202 
 509 661 
 306 987 
 2 170 
 597 328 
 191 326 
 89 440 
 2 530 
 579 545 
 16 442 
 662 26 
 123 407 
 48 288 
 624 461 
 388 988 
 371 164 
 393 442 
 15 430 
 552 98 
 146 322 
 64 108 
 229 459 
 458 165 
 251 1015 
 195 165 
 526 315 
 266 717 
 624 232 
 549 278 
 292 997 
 584 108 
 587 67 
 615 6 
 97 119 
 14 991 
 101 435 
 585 243 
 397 256 
 220 150 
 70 346 
 12 1169 
 255 106 
 431 430 
 206 256 
 65 99 
 694 194 
 351 58 
 148 461 
 391 320 
 396 71 
 580 278 
 292 430 
 271 1151 
 254 276 
 340 164 
 176 401 
 561 588 
 541 435 
 123 98 
 477 330 
 46 1178 
 340 194 
 376 26 
 154 278 
 31 237 
 672 302 
 595 457 
 175 139 
 365 150 
 678 435 
 93 407 
 528 1202 
 458 98 
 35 263 
 559 459 
 287 358 
 252 288 
 48 330 
 410 311 
 93 288 
 292 276 
 292 995 
 123 164 
 120 330 
 243 232 
 565 527 
 691 358 
 680 279 
 564 309 
 135 106 
 125 175 
 69 366 
 443 256 
 144 1169 
 50 194 
 306 460 
 433 854 
 567 430 
 93 322 
 569 430 
 50 256 
 524 256 
 240 108 
 48 165 
 428 442 
 548 279 
 537 279 
 675 722 
 340 435 
 268 258 
 564 256 
 32 328 
 154 366 
 100 442 
 424 127 
 573 238 
 505 108 
 668 987 
 623 460 
 27 189 
 262 722 
 431 322 
 588 288 
 465 164 
 154 430 
 423 273 
 690 737 
 275 1154 
 93 139 
 575 48 
 597 326 
 396 302 
 420 160 
 658 39 
 368 140 
 144 460 
 63 28 
 431 366 
 121 859 
 661 67 
 624 328 
 580 310 
 206 435 
 552 48 
 120 165 
 655 138 
 423 421 
 43 302 
 76 442 
 289 288 
 269 459 
 597 461 
 567 288 
 228 430 
 251 854 
 546 151 
 310 1166 
 597 221 
 126 460 
 291 362 
 367 985 
 271 998 
 120 175 
 631 258 
 134 246 
 669 194 
 101 322 
 225 139 
 524 232 
 121 860 
 174 48 
 489 858 
 289 256 
 329 461 
 144 989 
 271 328 
 275 1153 
 101 288 
 335 322 
 474 246 
 581 302 
 694 165 
 239 189 
 153 73 
 141 21 
 255 526 
 524 139 
 316 288 
 528 327 
 287 442 
 291 986 
 183 1169 
 532 573 
 669 278 
 82 401 
 22 419 
 454 374 
 449 278 
 433 276 
 561 288 
 12 71 
 587 73 
 335 175 
 633 459 
 316 278 
 597 256 
 398 442 
 255 433 
 25 1149 
 292 402 
 381 854 
 294 288 
 637 85 
 311 591 
 130 139 
 270 73 
 658 119 
 691 442 
 404 459 
 22 260 
 12 460 
 426 142 
 16 243 
 32 288 
 141 113 
 433 817 
 398 243 
 569 232 
 159 435 
 530 144 
 69 278 
 93 635 
 130 26 
 60 183 
 434 450 
 367 475 
 164 189 
 352 675 
 286 279 
 62 279 
 93 1173 
 271 322 
 683 64 
 539 509 
 217 570 
 634 497 
 477 78 
 236 25 
 97 814 
 14 269 
 573 625 
 483 940 
 444 194 
 23 6 
 433 1034 
 588 165 
 424 460 
 382 311 
 569 139 
 48 194 
 225 430 
 511 362 
 20 538 
 379 243 
 101 461 
 357 916 
 354 581 
 659 81 
 40 327 
 617 916 
 145 256 
 570 1164 
 691 175 
 374 6 
 71 459 
 349 422 
 225 165 
 184 366 
 189 457 
 306 273 
 614 459 
 381 852 
 268 674 
 537 34 
 343 366 
 300 457 
 65 440 
 573 742 
 588 256 
 279 135 
 622 459 
 121 568 
 442 442 
 477 221 
 495 140 
 504 648 
 570 366 
 427 289 
 346 368 
 631 487 
 294 326 
 299 1163 
 672 988 
 96 358 
 505 524 
 35 461 
 534 322 
 569 322 
 9 64 
 332 362 
 224 67 
 115 1145 
 637 208 
 496 253 
 389 1375 
 183 988 
 8 121 
 624 139 
 14 992 
 158 31 
 616 407 
 255 286 
 316 461 
 554 94 
 388 989 
 315 289 
 93 164 
 165 360 
 330 430 
 97 574 
 110 273 
 196 512 
 381 989 
 48 322 
 451 240 
 93 528 
 120 326 
 624 368 
 574 362 
 396 273 
 48 139 
 696 358 
 28 64 
 148 435 
 468 656 
 624 435 
 333 1139 
 423 987 
 561 94 
 271 26 
 409 108 
 694 330 
 120 26 
 580 99 
 327 150 
 281 516 
 93 232 
 492 417 
 135 286 
 585 67 
 593 183 
 408 395 
 428 165 
 191 194 
 68 1055 
 588 164 
 201 26 
 329 309 
 451 362 
 251 140 
 295 461 
 668 460 
 676 319 
 286 765 
 480 150 
 201 232 
 289 164 
 68 512 
 341 108 
 16 309 
 433 1188 
 607 1166 
 306 1166 
 175 256 
 58 461 
 694 60 
 609 858 
 289 309 
 191 164 
 302 288 
 616 328 
 462 288 
 631 486 
 266 686 
 302 48 
 388 987 
 671 26 
 564 328 
 3 327 
 85 302 
 538 327 
 242 98 
 271 139 
 48 561 
 616 374 
 226 783 
 175 278 
 144 273 
 148 326 
 48 326 
 261 646 
 151 273 
 523 421 
 181 430 
 136 328 
 616 368 
 554 115 
 694 368 
 691 243 
 220 640 
 616 435 
 654 246 
 138 997 
 371 194 
 624 221 
 161 927 
 595 720 
 596 302 
 669 164 
 255 389 
 637 496 
 85 472 
 368 1502 
 375 383 
 174 288 
 630 560 
 10 1165 
 514 459 
 171 288 
 48 221 
 109 288 
 77 99 
 569 288 
 175 288 
 654 64 
 626 309 
 573 460 
 694 461 
 400 241 
 535 99 
 178 150 
 606 98 
 132 108 
 553 183 
 431 108 
 553 418 
 616 232 
 19 134 
 442 358 
 183 302 
 668 1166 
 93 165 
 564 232 
 279 6 
 596 460 
 581 273 
 406 1149 
 607 302 
 392 322 
 622 244 
 631 523 
 93 243 
 110 988 
 433 852 
 219 108 
 121 312 
 504 513 
 85 273 
 205 60 
 12 989 
 116 72 
 299 1504 
 50 326 
 356 1172 
 496 610 
 311 124 
 564 165 
 661 320 
 120 164 
 455 374 
 671 232 
 43 273 
 469 102 
 204 150 
 672 1169 
 294 98 
 175 26 
 349 62 
 378 261 
 46 142 
 603 98 
 141 258 
 175 322 
 557 73 
 64 26 
 100 362 
 516 150 
 543 366 
 424 427 
 441 279 
 24 26 
 262 918 
 185 256 
 115 858 
 343 328 
 667 400 
 662 322 
 78 99 
 370 114 
 586 330 
 338 423 
 595 673 
 496 642 
 277 164 
 340 221 
 567 164 
 550 998 
 76 243 
 564 430 
 329 379 
 624 309 
 202 358 
 48 461 
 672 71 
 395 98 
 172 240 
 643 108 
 485 374 
 382 1183 
 58 374 
 610 48 
 345 108 
 564 326 
 444 326 
 185 435 
 283 136 
 433 1187 
 316 256 
 335 423 
 0 75 
 306 302 
 253 459 
 668 988 
 261 428 
 650 322 
 541 241 
 423 71 
 546 1381 
 499 1152 
 140 320 
 340 374 
 190 738 
 141 208 
 429 34 
 271 241 
 175 1174 
 175 430 
 514 1503 
 511 175 
 584 48 
 616 256 
 87 263 
 24 322 
 623 361 
 532 1181 
 433 311 
 496 94 
 597 288 
 346 164 
 378 149 
 120 379 
 521 98 
 132 1202 
 433 183 
 368 119 
 160 256 
 322 358 
 564 407 
 92 374 
 325 442 
 19 856 
 497 164 
 425 442 
 669 366 
 8 984 
 523 987 
 499 241 
 564 194 
 80 117 
 120 309 
 184 278 
 189 67 
 64 1174 
 176 114 
 260 320 
 292 108 
 384 74 
 197 124 
 638 1164 
 477 366 
 428 175 
 436 119 
 473 295 
 236 300 
 310 989 
 120 322 
 271 232 
 101 221 
 148 330 
 686 430 
 573 310 
 228 164 
 616 165 
 494 459 
 101 368 
 580 362 
 121 614 
 276 186 
 439 461 
 430 141 
 616 330 
 498 322 
 306 1169 
 631 7 
 344 150 
 22 439 
 101 328 
 579 851 
 339 916 
 698 497 
 567 278 
 580 206 
 458 461 
 144 987 
 347 241 
 275 589 
 424 362 
 185 328 
 126 302 
 268 635 
 303 108 
 118 81 
 652 707 
 193 51 
 396 987 
 424 266 
 579 247 
 68 482 
 9 366 
 30 58 
 509 400 
 624 165 
 243 139 
 585 358 
 101 175 
 26 694 
 544 366 
 329 256 
 12 302 
 101 256 
 151 475 
 148 165 
 16 26 
 85 460 
 310 302 
 581 460 
 672 987 
 160 26 
 546 2 
 340 256 
 299 1507 
 624 330 
 625 39 
 317 1160 
 486 1034 
 694 98 
 454 263 
 540 327 
 97 150 
 316 407 
 628 138 
 290 423 
 298 218 
 130 232 
 71 244 
 621 435 
 292 994 
 370 377 
 49 309 
 60 197 
 694 256 
 299 1164 
 380 150 
 43 421 
 120 221 
 523 273 
 546 1382 
 337 115 
 479 858 
 17 98 
 62 102 
 523 988 
 624 175 
 393 241 
 281 752 
 172 225 
 396 988 
 481 42 
 389 288 
 523 1166 
 616 309 
 383 102 
 275 1155 
 16 358 
 234 852 
 388 1166 
 332 423 
 16 362 
 93 256 
 368 150 
 617 423 
 616 175 
 700 28 
 694 435 
 138 1202 
 356 745 
 433 505 
 389 379 
 550 994 
 446 1006 
 573 362 
 616 326 
 567 256 
 58 165 
 641 98 
 461 150 
 373 322 
 101 165 
 575 288 
 138 998 
 255 201 
 50 164 
 10 1163 
 391 459 
 631 484 
 506 139 
 524 435 
 548 357 
 500 413 
 521 1009 
 295 165 
 134 916 
 92 461 
 652 647 
 441 1150 
 590 361 
 528 497 
 123 613 
 520 26 
 102 98 
 268 496 
 483 6 
 251 814 
 601 1166 
 259 988 
 590 460 
 93 1174 
 579 636 
 101 330 
 694 221 
 87 374 
 667 279 
 268 1022 
 14 264 
 185 165 
 572 418 
 329 435 
 271 288 
 398 358 
 262 400 
 496 715 
 349 101 
 429 335 
 329 165 
 260 67 
 160 322 
 565 261 
 421 175 
 158 427 
 616 221 
 57 98 
 68 726 
 101 164 
 94 857 
 330 256 
 125 164 
 110 989 
 310 987 
 602 1299 
 486 817 
 58 326 
 685 98 
 251 528 
 60 311 
 704 358 
 101 326 
 389 435 
 213 98 
 156 302 
 668 302 
 329 164 
 183 989 
 295 263 
