 143 994 
 509 429 
 569 278 
 631 485 
 499 1151 
 437 362 
 697 1011 
 90 358 
 346 60 
 309 459 
 374 102 
 58 221 
 661 73 
 573 1161 
 640 315 
 83 88 
 579 646 
 23 279 
 503 581 
 672 1166 
 367 302 
 496 140 
 268 7 
 638 985 
 448 256 
 523 302 
 202 442 
 133 994 
 48 164 
 251 201 
 330 232 
 10 985 
 564 60 
 12 987 
 624 326 
 110 1166 
 174 407 
 508 39 
 112 320 
 299 1508 
 671 139 
 74 326 
 291 584 
 138 994 
 693 95 
 252 328 
 406 102 
 10 493 
 340 328 
 694 164 
 225 232 
 46 1176 
 316 164 
 72 430 
 306 1167 
 306 1168 
 170 394 
 695 120 
 394 364 
 228 49 
 655 922 
 422 459 
 432 88 
 183 1166 
 62 546 
 144 1170 
 433 1184 
 618 16 
 433 853 
 550 993 
 153 380 
 275 448 
 292 248 
 99 145 
 680 696 
 330 139 
 573 290 
 165 185 
 7 459 
 564 278 
 261 608 
 168 549 
 148 83 
 550 452 
 329 223 
 469 931 
 141 13 
 42 203 
 317 164 
 662 49 
 523 1168 
 10 494 
 486 317 
 176 43 
 230 143 
 276 315 
 379 442 
 392 232 
 495 10 
 69 430 
 95 459 
 529 45 
 214 242 
 46 1180 
 43 1166 
 677 256 
 15 924 
 396 1166 
 570 278 
 101 12 
 136 407 
 358 426 
 111 364 
 637 18 
 15 278 
 301 33 
 613 362 
 0 112 
 133 940 
 109 407 
 607 987 
 170 916 
 287 90 
 669 64 
 268 689 
 361 144 
 521 545 
 108 430 
 257 394 
 286 696 
 333 89 
 588 328 
 31 82 
 623 290 
 600 426 
 521 1010 
 294 328 
 696 442 
 463 33 
 599 394 
 334 319 
 148 256 
 2 453 
 280 637 
 225 256 
 14 990 
 569 583 
 49 256 
 152 272 
 413 166 
 299 493 
 46 1038 
 526 1066 
 564 223 
 484 426 
 316 326 
 85 985 
 686 206 
 125 256 
 425 243 
 90 442 
 574 366 
 374 279 
 172 259 
 669 326 
 22 449 
 93 1175 
 86 144 
 661 641 
 201 49 
 317 326 
 400 12 
 148 221 
 622 2 
 536 123 
 36 426 
 618 138 
 135 14 
 576 426 
 469 357 
 210 778 
 255 285 
 691 430 
 669 924 
 588 407 
 120 561 
 537 271 
 621 45 
 549 430 
 264 442 
 388 421 
 631 483 
 585 572 
 302 256 
 144 302 
 420 739 
 624 561 
 202 243 
 389 621 
 299 423 
 371 83 
 96 442 
 393 358 
 133 998 
 564 164 
 120 139 
 225 407 
 271 49 
 532 390 
 183 987 
 144 1166 
 306 1170 
 543 430 
 347 361 
 238 1162 
 46 1177 
 172 206 
 332 366 
 123 328 
 539 1202 
 114 317 
 413 95 
 573 627 
 310 1168 
 38 402 
 433 1186 
 170 164 
 694 326 
 135 285 
 581 472 
 607 1167 
 245 164 
 693 166 
 125 358 
 61 426 
 10 423 
 151 493 
 188 1119 
 120 12 
 299 916 
 25 102 
 423 1170 
 571 189 
 281 189 
 321 311 
 292 940 
 144 421 
 4 430 
 616 561 
 550 505 
 367 472 
 702 73 
 611 424 
 356 518 
 473 188 
 46 315 
 143 998 
 374 696 
 40 296 
 174 328 
 19 744 
 593 311 
 546 238 
 427 418 
 78 34 
 141 359 
 221 654 
 43 987 
 20 1060 
 455 263 
 594 854 
 23 424 
 48 256 
 419 319 
 93 358 
 46 186 
 508 617 
 2 324 
 93 278 
 120 49 
 330 278 
 393 243 
 537 663 
 62 135 
 585 442 
 504 1201 
 480 10 
 72 278 
 475 394 
 668 1167 
 684 786 
 686 278 
 309 380 
 309 73 
 431 278 
 377 49 
 588 326 
 325 243 
 507 922 
 569 256 
 288 346 
 285 185 
 567 328 
 544 430 
 478 916 
 16 278 
 225 278 
 85 475 
 567 366 
 511 240 
 429 346 
 278 459 
 97 10 
 41 361 
 143 248 
 423 1166 
 31 401 
 46 1179 
 462 164 
 10 1164 
 561 669 
 502 636 
 228 278 
 201 139 
 272 12 
 165 186 
 407 60 
 112 459 
 374 670 
 491 1146 
 110 302 
 371 12 
 581 493 
 373 49 
 283 417 
 367 493 
 83 248 
 401 1150 
 429 1006 
 12 1170 
 217 440 
 86 515 
 588 221 
 194 394 
 120 256 
 188 1138 
 694 561 
 232 291 
 420 340 
 379 358 
 650 423 
 138 995 
 361 605 
 325 358 
 48 328 
 449 366 
 316 328 
 382 514 
 669 430 
 196 482 
 678 256 
 199 857 
 624 164 
 206 240 
 93 49 
 675 89 
 103 1011 
 652 592 
 441 696 
 703 164 
 148 164 
 175 1173 
 371 326 
 291 737 
 252 407 
 624 12 
 645 550 
 22 181 
 384 78 
 396 1168 
 575 328 
 120 328 
 292 998 
 226 81 
 612 570 
 616 139 
 372 442 
 84 289 
 696 243 
 499 505 
 587 459 
 561 681 
 40 1000 
 64 1173 
 423 302 
 264 243 
 222 426 
 122 320 
 299 1505 
 363 570 
 632 155 
 639 605 
 682 73 
 663 459 
 486 311 
 406 1148 
 364 10 
 314 1029 
 175 407 
 15 366 
 488 186 
 322 442 
 392 139 
 393 563 
 363 457 
 401 408 
 210 773 
 365 10 
 280 327 
 172 358 
 530 121 
 597 164 
 529 256 
 477 12 
 356 665 
 526 186 
 626 256 
 458 394 
 110 987 
 271 993 
 293 73 
 499 380 
 579 624 
 597 407 
 652 477 
 549 366 
 289 430 
 521 569 
 178 10 
 271 407 
 138 996 
 596 421 
 324 407 
 238 1161 
 268 495 
 120 84 
 388 302 
 180 140 
 12 421 
 137 418 
 193 32 
 368 10 
 31 377 
 100 243 
 388 1167 
 637 495 
 377 423 
 347 452 
 58 256 
 255 200 
 93 430 
 43 1168 
 244 10 
 544 278 
 90 243 
 322 243 
 151 302 
 103 395 
 573 1162 
 420 289 
 5 33 
 176 82 
 592 394 
 41 290 
 250 60 
 433 1185 
 206 12 
 163 327 
 553 242 
 616 164 
 148 223 
 127 394 
 616 83 
 34 430 
 264 358 
 370 82 
 16 430 
 50 221 
 508 1196 
 158 987 
 575 407 
 319 380 
 442 243 
 255 14 
 96 243 
 654 278 
 101 561 
 626 466 
 499 994 
 176 377 
 423 1167 
 553 402 
 668 1170 
 92 164 
 457 459 
 48 83 
 656 418 
 573 657 
 624 256 
 245 326 
 564 139 
 499 621 
 302 328 
 50 12 
 506 232 
 329 326 
 395 394 
 25 1148 
 613 218 
 146 423 
 356 727 
 122 73 
 58 12 
 355 291 
 257 328 
 101 232 
 273 73 
 167 426 
 109 328 
 444 164 
 294 164 
 281 185 
 707 327 
 38 364 
 627 924 
 22 554 
 2 318 
 120 232 
 175 232 
 299 1165 
 151 472 
 294 407 
 691 278 
 493 292 
 460 421 
 48 232 
 425 358 
 108 278 
 622 40 
 203 73 
 19 1203 
 689 276 
 445 60 
 329 221 
 164 185 
 597 223 
 606 394 
 31 114 
 292 996 
 361 924 
 626 278 
 627 922 
 446 207 
 144 1167 
 123 326 
 545 265 
 587 196 
 340 326 
 637 258 
 176 170 
 312 164 
 62 696 
 243 49 
 581 475 
 685 394 
 128 271 
 12 1166 
 523 1170 
 631 250 
 581 985 
 101 139 
 148 12 
 524 49 
 499 993 
 346 256 
 375 280 
 299 1506 
 110 1168 
 433 1183 
 76 358 
 184 430 
 75 185 
 58 164 
 2 146 
 143 993 
 704 442 
 590 452 
 299 985 
 376 232 
 616 49 
 324 328 
 569 49 
 552 505 
 83 402 
 85 493 
 261 10 
 140 195 
 626 430 
 638 493 
 151 985 
 499 998 
 54 238 
 469 696 
 203 1202 
 509 661 
 213 394 
 306 987 
 183 1168 
 2 170 
 31 43 
 597 328 
 191 326 
 89 440 
 2 530 
 579 545 
 16 442 
 123 407 
 371 164 
 393 442 
 15 430 
 344 10 
 229 459 
 271 248 
 133 993 
 251 1015 
 526 315 
 266 717 
 624 232 
 549 278 
 292 997 
 14 991 
 585 243 
 242 394 
 397 256 
 70 346 
 255 106 
 534 49 
 431 430 
 206 256 
 623 452 
 183 1170 
 391 320 
 23 546 
 580 278 
 292 430 
 271 1151 
 254 276 
 340 164 
 176 401 
 329 12 
 450 394 
 561 588 
 502 33 
 46 1178 
 17 394 
 569 394 
 154 278 
 672 302 
 50 83 
 388 1170 
 595 457 
 175 139 
 93 407 
 528 1202 
 428 45 
 35 263 
 559 459 
 287 358 
 410 311 
 292 276 
 43 1170 
 292 995 
 123 164 
 243 232 
 565 527 
 691 358 
 680 279 
 135 106 
 251 10 
 69 366 
 443 256 
 110 1170 
 433 854 
 567 430 
 569 430 
 50 256 
 524 256 
 138 993 
 518 426 
 428 442 
 669 922 
 548 279 
 537 279 
 675 722 
 268 258 
 616 12 
 564 256 
 32 328 
 154 366 
 100 442 
 424 127 
 573 238 
 668 987 
 27 189 
 262 722 
 465 164 
 12 1168 
 154 430 
 690 737 
 275 1154 
 93 139 
 388 1168 
 597 326 
 15 922 
 130 49 
 396 302 
 420 160 
 658 39 
 368 140 
 63 28 
 431 366 
 121 859 
 308 426 
 624 328 
 580 310 
 310 1170 
 655 138 
 423 421 
 43 302 
 76 442 
 269 459 
 228 430 
 251 854 
 546 151 
 310 1166 
 597 221 
 291 362 
 367 985 
 271 998 
 631 258 
 228 12 
 225 139 
 524 232 
 121 860 
 24 49 
 82 43 
 489 858 
 289 256 
 271 328 
 275 1153 
 376 49 
 581 302 
 239 189 
 153 73 
 141 21 
 255 526 
 524 139 
 528 327 
 287 442 
 291 986 
 597 83 
 532 573 
 669 278 
 82 401 
 607 1170 
 412 394 
 22 419 
 449 278 
 433 276 
 587 73 
 92 223 
 633 459 
 316 278 
 597 256 
 398 442 
 255 433 
 25 1149 
 292 402 
 381 854 
 311 591 
 130 139 
 270 73 
 691 442 
 404 459 
 370 43 
 22 260 
 426 142 
 16 243 
 369 33 
 433 817 
 138 248 
 398 243 
 569 232 
 537 696 
 530 144 
 69 278 
 628 16 
 93 635 
 434 450 
 374 546 
 367 475 
 164 189 
 144 1168 
 352 675 
 286 279 
 62 279 
 93 1173 
 683 64 
 539 509 
 217 570 
 634 497 
 185 12 
 431 49 
 477 78 
 236 25 
 97 814 
 14 269 
 573 625 
 483 940 
 433 1034 
 382 311 
 569 139 
 123 394 
 179 10 
 225 430 
 511 362 
 20 538 
 101 83 
 379 243 
 340 12 
 357 916 
 354 581 
 659 81 
 603 394 
 40 327 
 617 916 
 145 256 
 570 1164 
 71 459 
 349 422 
 184 366 
 189 457 
 614 459 
 381 852 
 694 394 
 268 674 
 537 34 
 343 366 
 486 242 
 415 33 
 300 457 
 65 440 
 573 742 
 588 256 
 93 452 
 279 135 
 622 459 
 121 568 
 671 49 
 442 442 
 477 221 
 495 140 
 504 648 
 570 366 
 427 289 
 631 487 
 294 326 
 299 1163 
 96 358 
 505 524 
 57 394 
 411 10 
 523 1167 
 9 64 
 41 452 
 332 362 
 115 1145 
 637 208 
 496 253 
 471 426 
 694 12 
 389 1375 
 550 248 
 8 121 
 624 139 
 14 992 
 158 31 
 616 407 
 255 286 
 554 94 
 315 289 
 93 164 
 165 360 
 330 430 
 97 574 
 196 512 
 451 240 
 93 528 
 120 326 
 574 362 
 48 139 
 696 358 
 49 223 
 28 64 
 468 656 
 520 49 
 233 10 
 333 1139 
 423 987 
 561 94 
 50 223 
 542 185 
 101 49 
 330 49 
 281 516 
 93 232 
 492 417 
 135 286 
 499 248 
 408 395 
 68 1055 
 588 164 
 451 362 
 251 140 
 676 319 
 201 232 
 289 164 
 68 512 
 626 223 
 433 1188 
 607 1166 
 306 1166 
 175 256 
 694 60 
 472 49 
 609 858 
 191 164 
 616 328 
 631 486 
 266 686 
 58 223 
 388 987 
 564 328 
 3 327 
 85 302 
 538 327 
 361 922 
 271 139 
 48 561 
 226 783 
 175 278 
 148 326 
 48 326 
 261 646 
 35 223 
 523 421 
 677 49 
 181 430 
 136 328 
 691 243 
 220 640 
 138 997 
 546 317 
 624 221 
 161 927 
 595 720 
 596 302 
 669 164 
 255 389 
 637 496 
 85 472 
 368 1502 
 375 383 
 630 560 
 10 1165 
 514 459 
 48 221 
 516 10 
 116 546 
 654 64 
 396 1167 
 553 418 
 616 232 
 19 134 
 442 358 
 694 223 
 183 302 
 668 1166 
 564 232 
 461 10 
 406 1149 
 607 302 
 622 244 
 521 394 
 631 523 
 93 243 
 433 852 
 64 49 
 588 83 
 121 312 
 444 394 
 504 513 
 672 1167 
 292 993 
 205 60 
 116 72 
 641 394 
 299 1504 
 50 326 
 356 1172 
 12 1167 
 496 610 
 637 13 
 661 320 
 120 164 
 671 232 
 469 102 
 621 49 
 349 62 
 145 12 
 378 261 
 46 142 
 141 258 
 557 73 
 672 1170 
 100 362 
 543 366 
 424 427 
 441 279 
 262 918 
 185 256 
 115 858 
 343 328 
 667 400 
 370 114 
 338 423 
 595 673 
 496 642 
 644 242 
 277 164 
 340 221 
 567 164 
 550 998 
 76 243 
 43 1167 
 279 546 
 564 430 
 128 608 
 588 12 
 329 379 
 392 49 
 202 358 
 172 240 
 561 394 
 382 1183 
 564 326 
 444 326 
 283 136 
 433 1187 
 316 256 
 335 423 
 529 223 
 0 75 
 48 12 
 306 302 
 380 10 
 253 459 
 261 428 
 476 49 
 433 922 
 546 1381 
 499 1152 
 140 320 
 190 738 
 141 208 
 393 203 
 429 34 
 506 49 
 175 1174 
 175 430 
 514 1503 
 616 256 
 87 263 
 623 361 
 532 1181 
 433 311 
 496 94 
 423 1168 
 346 164 
 378 149 
 120 379 
 132 1202 
 573 317 
 396 1170 
 597 12 
 160 256 
 310 1167 
 322 358 
 564 407 
 325 442 
 19 856 
 497 164 
 425 442 
 669 366 
 8 984 
 523 987 
 80 117 
 184 278 
 672 1168 
 64 1174 
 176 114 
 260 320 
 327 10 
 384 74 
 638 1164 
 477 366 
 473 295 
 236 300 
 271 232 
 101 221 
 686 430 
 573 310 
 228 164 
 661 112 
 494 459 
 329 83 
 624 83 
 183 1167 
 41 317 
 580 362 
 121 614 
 276 186 
 430 141 
 110 1167 
 631 7 
 22 439 
 668 1168 
 265 394 
 101 328 
 659 16 
 225 49 
 579 851 
 339 916 
 698 497 
 567 278 
 580 206 
 144 987 
 275 589 
 133 248 
 286 546 
 424 362 
 185 328 
 126 302 
 146 49 
 268 635 
 118 81 
 652 707 
 477 83 
 193 51 
 396 987 
 424 266 
 579 247 
 68 482 
 362 49 
 9 366 
 509 400 
 243 139 
 585 358 
 26 694 
 544 366 
 160 49 
 329 256 
 12 302 
 101 256 
 151 475 
 310 302 
 678 12 
 672 987 
 546 2 
 340 256 
 299 1507 
 299 494 
 292 203 
 405 10 
 625 39 
 317 1160 
 11 49 
 486 1034 
 48 49 
 454 263 
 540 327 
 590 290 
 316 407 
 628 138 
 290 423 
 566 49 
 298 218 
 130 232 
 71 244 
 292 994 
 370 377 
 60 197 
 694 256 
 299 1164 
 588 223 
 138 380 
 43 421 
 120 221 
 546 1382 
 479 858 
 62 102 
 281 752 
 481 42 
 88 10 
 523 1166 
 383 102 
 275 1155 
 16 358 
 234 852 
 388 1166 
 564 49 
 332 423 
 16 362 
 93 256 
 617 423 
 700 28 
 138 1202 
 356 745 
 507 924 
 433 505 
 658 608 
 624 49 
 389 379 
 550 994 
 446 1006 
 573 362 
 491 10 
 616 326 
 567 256 
 302 12 
 175 49 
 138 998 
 255 201 
 50 164 
 10 1163 
 391 459 
 631 484 
 506 139 
 548 357 
 58 83 
 500 413 
 521 1009 
 111 10 
 553 317 
 433 924 
 134 916 
 652 647 
 441 1150 
 590 361 
 528 497 
 66 448 
 268 496 
 251 814 
 601 1166 
 314 426 
 93 1174 
 582 426 
 579 636 
 694 221 
 667 279 
 268 1022 
 607 1168 
 14 264 
 572 418 
 398 358 
 262 400 
 496 715 
 349 101 
 294 394 
 429 335 
 204 10 
 565 261 
 158 427 
 616 221 
 68 726 
 101 164 
 94 857 
 330 256 
 125 164 
 140 380 
 310 987 
 602 1299 
 486 817 
 58 326 
 251 528 
 60 311 
 704 358 
 101 326 
 156 302 
 668 302 
 329 164 
 295 263 
