 579 709 
 537 765 
 524 241 
 368 19 
 651 124 
 101 194 
 83 48 
 448 435 
 151 460 
 43 460 
 459 99 
 243 322 
 566 322 
 332 175 
 38 115 
 363 67 
 141 85 
 125 309 
 624 374 
 624 288 
 48 368 
 43 1169 
 43 988 
 190 150 
 536 1041 
 148 309 
 580 225 
 87 461 
 594 108 
 291 470 
 382 183 
 486 183 
 120 288 
 247 150 
 631 113 
 692 58 
 176 237 
 242 613 
 183 71 
 523 989 
 397 246 
 286 6 
 561 98 
 541 330 
 183 273 
 522 119 
 50 165 
 11 26 
 49 165 
 321 183 
 50 461 
 58 330 
 41 460 
 127 98 
 567 309 
 423 1169 
 306 989 
 19 119 
 506 322 
 242 461 
 410 183 
 564 435 
 347 460 
 50 435 
 607 988 
 227 124 
 257 98 
 136 288 
 101 309 
 595 67 
 574 175 
 194 48 
 145 435 
 339 246 
 329 374 
 82 237 
 523 71 
 48 309 
 423 988 
 423 460 
 110 460 
 272 435 
 306 1167 
 306 1168 
 170 394 
 529 309 
 695 120 
 394 364 
 436 115 
 228 49 
 655 922 
 171 435 
 381 988 
 62 546 
 144 1170 
 433 1184 
 292 48 
 618 16 
 366 124 
 433 853 
 550 993 
 153 380 
 275 448 
 292 248 
 99 145 
 680 696 
 344 237 
 432 108 
 573 290 
 165 185 
 245 194 
 93 26 
 671 322 
 261 608 
 411 150 
 306 988 
 346 288 
 168 549 
 148 83 
 550 452 
 588 194 
 329 223 
 469 931 
 141 13 
 42 203 
 182 460 
 662 49 
 597 165 
 523 1168 
 534 26 
 477 435 
 10 494 
 486 317 
 12 988 
 418 124 
 176 43 
 432 48 
 230 143 
 423 989 
 495 10 
 317 194 
 521 613 
 359 108 
 529 45 
 214 242 
 46 1180 
 15 924 
 87 165 
 101 12 
 358 426 
 111 364 
 637 18 
 301 33 
 140 67 
 74 460 
 101 374 
 0 112 
 48 175 
 133 940 
 170 916 
 287 90 
 669 64 
 120 435 
 268 689 
 361 144 
 521 545 
 257 394 
 286 696 
 333 89 
 31 82 
 623 290 
 600 426 
 521 1010 
 694 309 
 463 33 
 599 394 
 334 319 
 12 273 
 428 461 
 2 453 
 280 637 
 396 1169 
 14 990 
 569 583 
 152 272 
 413 166 
 597 309 
 46 1038 
 526 1066 
 588 461 
 564 223 
 484 426 
 686 206 
 425 243 
 586 435 
 574 366 
 148 374 
 172 259 
 22 449 
 316 374 
 93 1175 
 123 288 
 86 144 
 661 641 
 524 288 
 201 49 
 101 26 
 400 12 
 622 2 
 536 123 
 36 426 
 677 165 
 188 150 
 618 138 
 135 14 
 576 426 
 469 357 
 210 778 
 255 285 
 669 924 
 120 561 
 537 271 
 272 241 
 621 45 
 455 461 
 340 288 
 588 330 
 388 421 
 631 483 
 295 374 
 585 572 
 348 108 
 420 739 
 242 165 
 624 561 
 592 98 
 202 243 
 389 621 
 299 423 
 371 83 
 133 998 
 524 322 
 194 98 
 225 288 
 88 150 
 271 49 
 532 390 
 672 460 
 306 1170 
 347 361 
 50 374 
 62 6 
 703 288 
 238 1162 
 46 1177 
 172 206 
 332 366 
 509 150 
 539 1202 
 114 317 
 310 460 
 573 627 
 310 1168 
 13 98 
 38 402 
 433 1186 
 135 285 
 122 67 
 581 472 
 364 150 
 144 988 
 607 1167 
 341 19 
 693 166 
 330 26 
 126 273 
 454 461 
 61 426 
 10 423 
 574 99 
 120 194 
 188 1119 
 668 989 
 120 12 
 299 916 
 376 322 
 388 1169 
 257 288 
 423 1170 
 524 26 
 571 189 
 281 189 
 660 246 
 321 311 
 292 940 
 144 421 
 616 561 
 35 368 
 550 505 
 367 472 
 244 150 
 611 424 
 356 518 
 473 188 
 58 435 
 143 998 
 374 696 
 40 296 
 19 744 
 593 311 
 206 330 
 546 238 
 427 418 
 78 34 
 522 115 
 35 374 
 43 71 
 141 359 
 221 654 
 616 288 
 588 374 
 444 288 
 20 1060 
 455 263 
 594 854 
 330 322 
 23 424 
 419 319 
 546 48 
 46 186 
 437 435 
 508 617 
 2 324 
 120 49 
 393 243 
 537 663 
 62 135 
 504 1201 
 480 10 
 475 394 
 668 1167 
 684 786 
 654 288 
 309 380 
 329 194 
 672 273 
 637 113 
 50 368 
 48 374 
 377 49 
 597 368 
 325 243 
 507 922 
 288 346 
 560 119 
 285 185 
 367 273 
 478 916 
 85 475 
 564 322 
 567 366 
 511 240 
 405 150 
 429 346 
 97 10 
 41 361 
 143 248 
 31 401 
 46 1179 
 10 1164 
 561 669 
 502 636 
 272 12 
 668 273 
 165 186 
 302 435 
 374 670 
 491 1146 
 371 12 
 373 49 
 283 417 
 43 989 
 83 248 
 401 1150 
 310 1169 
 607 989 
 429 1006 
 485 461 
 340 330 
 624 194 
 561 48 
 12 1170 
 217 440 
 86 515 
 194 394 
 550 241 
 607 71 
 188 1138 
 694 561 
 130 322 
 232 291 
 420 340 
 52 108 
 50 330 
 650 423 
 138 995 
 361 605 
 211 124 
 463 119 
 449 366 
 382 514 
 340 309 
 144 71 
 196 482 
 199 857 
 297 115 
 110 71 
 206 240 
 93 49 
 675 89 
 315 183 
 652 592 
 441 696 
 400 435 
 175 1173 
 291 737 
 564 288 
 616 322 
 624 12 
 645 550 
 22 181 
 384 78 
 131 175 
 396 1168 
 156 460 
 292 998 
 616 194 
 226 81 
 612 570 
 506 26 
 84 289 
 696 243 
 499 505 
 561 681 
 40 1000 
 268 113 
 265 98 
 120 461 
 64 1173 
 444 241 
 264 243 
 222 426 
 299 1505 
 363 570 
 541 48 
 632 155 
 564 26 
 616 26 
 639 605 
 299 246 
 6 124 
 486 311 
 406 1148 
 364 10 
 314 1029 
 145 309 
 15 366 
 488 186 
 393 563 
 392 26 
 363 457 
 337 119 
 225 26 
 401 408 
 367 460 
 624 322 
 210 773 
 365 10 
 280 327 
 694 288 
 389 241 
 48 26 
 530 121 
 243 26 
 396 989 
 597 330 
 477 12 
 668 1169 
 300 67 
 356 665 
 526 186 
 439 374 
 458 394 
 491 150 
 271 993 
 499 380 
 579 624 
 35 165 
 652 477 
 60 460 
 549 366 
 597 374 
 588 435 
 478 246 
 195 435 
 521 569 
 523 460 
 178 10 
 138 996 
 596 421 
 268 495 
 120 84 
 12 421 
 310 71 
 441 765 
 137 418 
 193 32 
 368 10 
 31 377 
 100 243 
 388 1167 
 624 26 
 637 495 
 377 423 
 680 765 
 347 452 
 306 71 
 340 165 
 261 150 
 255 200 
 170 288 
 43 1168 
 244 10 
 601 460 
 90 243 
 433 108 
 322 243 
 103 395 
 50 309 
 573 1162 
 183 460 
 368 709 
 420 289 
 228 288 
 179 150 
 5 33 
 607 1169 
 176 82 
 251 150 
 592 394 
 110 1169 
 41 290 
 617 322 
 433 1185 
 225 322 
 495 150 
 206 12 
 163 327 
 569 26 
 668 71 
 553 242 
 148 223 
 127 394 
 616 83 
 569 98 
 567 165 
 370 82 
 48 435 
 508 1196 
 319 380 
 289 165 
 442 243 
 607 460 
 255 14 
 160 309 
 431 99 
 96 243 
 101 561 
 677 435 
 26 48 
 626 466 
 460 460 
 176 377 
 423 1167 
 553 402 
 668 1170 
 48 83 
 58 309 
 656 418 
 573 657 
 201 322 
 499 621 
 228 460 
 672 989 
 50 12 
 49 368 
 120 368 
 395 394 
 185 288 
 25 1148 
 613 218 
 146 423 
 396 460 
 356 727 
 597 194 
 58 12 
 355 291 
 58 194 
 167 426 
 128 58 
 233 150 
 350 175 
 281 185 
 316 435 
 707 327 
 38 364 
 627 924 
 22 554 
 2 318 
 310 988 
 299 1165 
 312 288 
 151 472 
 493 292 
 460 421 
 622 40 
 19 1203 
 689 276 
 597 435 
 123 194 
 64 322 
 164 185 
 597 223 
 606 394 
 47 108 
 31 114 
 292 996 
 361 924 
 627 922 
 446 207 
 388 71 
 144 1167 
 613 435 
 545 265 
 147 119 
 587 196 
 329 330 
 637 258 
 176 170 
 120 374 
 62 696 
 243 49 
 581 475 
 310 273 
 61 48 
 685 394 
 128 271 
 454 165 
 523 1170 
 631 250 
 148 12 
 524 49 
 499 993 
 375 280 
 299 1506 
 110 1168 
 650 26 
 433 1183 
 228 435 
 520 322 
 75 185 
 588 309 
 495 119 
 2 146 
 143 993 
 590 452 
 332 99 
 65 108 
 523 1169 
 599 98 
 616 49 
 569 49 
 552 505 
 83 402 
 617 26 
 324 288 
 261 10 
 140 195 
 499 998 
 148 194 
 388 460 
 54 238 
 252 48 
 616 461 
 469 696 
 466 175 
 203 1202 
 509 661 
 213 394 
 183 1168 
 2 170 
 31 43 
 89 440 
 2 530 
 579 545 
 662 26 
 48 288 
 624 461 
 388 988 
 552 98 
 146 322 
 64 108 
 344 10 
 271 248 
 458 165 
 133 993 
 251 1015 
 195 165 
 266 717 
 292 997 
 584 108 
 587 67 
 615 6 
 97 119 
 14 991 
 101 435 
 585 243 
 242 394 
 220 150 
 70 346 
 12 1169 
 255 106 
 534 49 
 65 99 
 623 452 
 694 194 
 351 58 
 183 1170 
 148 461 
 396 71 
 23 546 
 254 276 
 176 401 
 329 12 
 450 394 
 561 588 
 541 435 
 123 98 
 477 330 
 502 33 
 46 1178 
 17 394 
 340 194 
 569 394 
 376 26 
 31 237 
 50 83 
 388 1170 
 595 457 
 365 150 
 678 435 
 528 1202 
 458 98 
 428 45 
 35 263 
 252 288 
 48 330 
 410 311 
 93 288 
 292 276 
 43 1170 
 292 995 
 120 330 
 565 527 
 564 309 
 135 106 
 251 10 
 125 175 
 69 366 
 110 1170 
 144 1169 
 50 194 
 306 460 
 433 854 
 93 322 
 240 108 
 48 165 
 138 993 
 518 426 
 669 922 
 675 722 
 340 435 
 268 258 
 616 12 
 154 366 
 424 127 
 573 238 
 505 108 
 623 460 
 27 189 
 262 722 
 431 322 
 588 288 
 12 1168 
 423 273 
 690 737 
 275 1154 
 575 48 
 388 1168 
 15 922 
 130 49 
 420 160 
 144 460 
 63 28 
 431 366 
 121 859 
 308 426 
 661 67 
 580 310 
 206 435 
 552 48 
 120 165 
 310 1170 
 655 138 
 423 421 
 289 288 
 597 461 
 567 288 
 251 854 
 546 151 
 126 460 
 271 998 
 120 175 
 631 258 
 134 246 
 669 194 
 101 322 
 228 12 
 121 860 
 174 48 
 24 49 
 82 43 
 489 858 
 329 461 
 144 989 
 275 1153 
 101 288 
 335 322 
 376 49 
 474 246 
 694 165 
 239 189 
 141 21 
 255 526 
 316 288 
 528 327 
 291 986 
 597 83 
 183 1169 
 532 573 
 82 401 
 607 1170 
 412 394 
 22 419 
 454 374 
 433 276 
 561 288 
 12 71 
 92 223 
 335 175 
 255 433 
 25 1149 
 292 402 
 381 854 
 294 288 
 637 85 
 311 591 
 658 119 
 370 43 
 22 260 
 12 460 
 426 142 
 16 243 
 32 288 
 369 33 
 141 113 
 433 817 
 138 248 
 398 243 
 159 435 
 537 696 
 530 144 
 628 16 
 93 635 
 130 26 
 60 183 
 434 450 
 374 546 
 367 475 
 164 189 
 144 1168 
 352 675 
 93 1173 
 271 322 
 683 64 
 539 509 
 217 570 
 634 497 
 185 12 
 431 49 
 477 78 
 236 25 
 97 814 
 14 269 
 573 625 
 483 940 
 444 194 
 23 6 
 433 1034 
 588 165 
 424 460 
 382 311 
 123 394 
 179 10 
 48 194 
 20 538 
 101 83 
 379 243 
 101 461 
 340 12 
 357 916 
 659 81 
 603 394 
 40 327 
 617 916 
 570 1164 
 691 175 
 374 6 
 349 422 
 225 165 
 184 366 
 189 457 
 306 273 
 381 852 
 694 394 
 268 674 
 537 34 
 343 366 
 486 242 
 415 33 
 300 457 
 65 440 
 573 742 
 93 452 
 279 135 
 121 568 
 671 49 
 504 648 
 570 366 
 427 289 
 346 368 
 631 487 
 299 1163 
 672 988 
 505 524 
 35 461 
 57 394 
 411 10 
 534 322 
 569 322 
 523 1167 
 9 64 
 41 452 
 224 67 
 115 1145 
 637 208 
 496 253 
 471 426 
 694 12 
 389 1375 
 183 988 
 550 248 
 8 121 
 14 992 
 158 31 
 255 286 
 316 461 
 554 94 
 388 989 
 315 289 
 165 360 
 97 574 
 110 273 
 196 512 
 381 989 
 48 322 
 451 240 
 93 528 
 624 368 
 396 273 
 49 223 
 28 64 
 148 435 
 468 656 
 520 49 
 233 10 
 624 435 
 333 1139 
 561 94 
 50 223 
 271 26 
 409 108 
 542 185 
 101 49 
 694 330 
 120 26 
 580 99 
 327 150 
 330 49 
 281 516 
 492 417 
 135 286 
 585 67 
 593 183 
 499 248 
 408 395 
 428 165 
 191 194 
 68 1055 
 201 26 
 329 309 
 295 461 
 668 460 
 676 319 
 286 765 
 480 150 
 68 512 
 341 108 
 16 309 
 626 223 
 433 1188 
 58 461 
 472 49 
 609 858 
 289 309 
 302 288 
 462 288 
 631 486 
 266 686 
 302 48 
 58 223 
 671 26 
 3 327 
 538 327 
 361 922 
 242 98 
 48 561 
 616 374 
 226 783 
 144 273 
 151 273 
 35 223 
 523 421 
 677 49 
 616 368 
 554 115 
 694 368 
 691 243 
 220 640 
 616 435 
 654 246 
 138 997 
 546 317 
 371 194 
 161 927 
 595 720 
 255 389 
 637 496 
 85 472 
 368 1502 
 375 383 
 174 288 
 630 560 
 10 1165 
 171 288 
 516 10 
 109 288 
 77 99 
 569 288 
 175 288 
 116 546 
 654 64 
 626 309 
 573 460 
 694 461 
 400 241 
 535 99 
 178 150 
 606 98 
 396 1167 
 132 108 
 553 183 
 431 108 
 553 418 
 19 134 
 694 223 
 93 165 
 279 6 
 596 460 
 581 273 
 461 10 
 406 1149 
 392 322 
 622 244 
 521 394 
 631 523 
 93 243 
 110 988 
 433 852 
 219 108 
 64 49 
 588 83 
 121 312 
 444 394 
 504 513 
 85 273 
 672 1167 
 292 993 
 12 989 
 116 72 
 641 394 
 299 1504 
 356 1172 
 12 1167 
 496 610 
 637 13 
 311 124 
 564 165 
 455 374 
 43 273 
 204 150 
 672 1169 
 621 49 
 294 98 
 175 26 
 349 62 
 145 12 
 378 261 
 46 142 
 603 98 
 141 258 
 175 322 
 672 1170 
 64 26 
 516 150 
 543 366 
 424 427 
 24 26 
 262 918 
 115 858 
 667 400 
 662 322 
 78 99 
 370 114 
 586 330 
 338 423 
 595 673 
 496 642 
 644 242 
 550 998 
 76 243 
 43 1167 
 279 546 
 128 608 
 588 12 
 329 379 
 392 49 
 624 309 
 48 461 
 672 71 
 395 98 
 172 240 
 561 394 
 643 108 
 485 374 
 382 1183 
 58 374 
 610 48 
 345 108 
 185 435 
 283 136 
 433 1187 
 335 423 
 529 223 
 0 75 
 48 12 
 380 10 
 668 988 
 261 428 
 476 49 
 433 922 
 650 322 
 541 241 
 423 71 
 546 1381 
 499 1152 
 340 374 
 190 738 
 141 208 
 393 203 
 429 34 
 506 49 
 271 241 
 175 1174 
 514 1503 
 511 175 
 584 48 
 87 263 
 24 322 
 623 361 
 532 1181 
 433 311 
 496 94 
 597 288 
 423 1168 
 378 149 
 120 379 
 521 98 
 132 1202 
 573 317 
 433 183 
 396 1170 
 368 119 
 597 12 
 310 1167 
 92 374 
 19 856 
 669 366 
 8 984 
 499 241 
 564 194 
 80 117 
 120 309 
 189 67 
 672 1168 
 64 1174 
 176 114 
 327 10 
 292 108 
 384 74 
 197 124 
 638 1164 
 477 366 
 428 175 
 436 119 
 473 295 
 236 300 
 310 989 
 120 322 
 148 330 
 573 310 
 661 112 
 616 165 
 101 368 
 329 83 
 624 83 
 183 1167 
 41 317 
 121 614 
 276 186 
 439 461 
 430 141 
 616 330 
 110 1167 
 498 322 
 306 1169 
 344 150 
 22 439 
 668 1168 
 265 394 
 659 16 
 225 49 
 579 851 
 339 916 
 698 497 
 580 206 
 458 461 
 347 241 
 275 589 
 133 248 
 286 546 
 146 49 
 268 635 
 303 108 
 118 81 
 652 707 
 477 83 
 193 51 
 424 266 
 579 247 
 68 482 
 362 49 
 9 366 
 30 58 
 509 400 
 624 165 
 101 175 
 26 694 
 544 366 
 160 49 
 151 475 
 148 165 
 16 26 
 85 460 
 581 460 
 678 12 
 160 26 
 546 2 
 299 1507 
 299 494 
 292 203 
 405 10 
 624 330 
 317 1160 
 11 49 
 486 1034 
 694 98 
 48 49 
 454 263 
 540 327 
 97 150 
 590 290 
 628 138 
 290 423 
 566 49 
 298 218 
 71 244 
 621 435 
 370 377 
 49 309 
 60 197 
 299 1164 
 588 223 
 380 150 
 138 380 
 43 421 
 523 273 
 546 1382 
 337 115 
 479 858 
 17 98 
 523 988 
 624 175 
 393 241 
 281 752 
 172 225 
 396 988 
 481 42 
 88 10 
 389 288 
 616 309 
 275 1155 
 234 852 
 564 49 
 332 423 
 368 150 
 617 423 
 616 175 
 700 28 
 694 435 
 138 1202 
 356 745 
 507 924 
 433 505 
 658 608 
 624 49 
 389 379 
 446 1006 
 491 10 
 58 165 
 641 98 
 461 150 
 373 322 
 101 165 
 575 288 
 302 12 
 175 49 
 138 998 
 10 1163 
 631 484 
 524 435 
 548 357 
 58 83 
 500 413 
 521 1009 
 295 165 
 111 10 
 553 317 
 433 924 
 134 916 
 92 461 
 652 647 
 441 1150 
 590 361 
 528 497 
 123 613 
 520 26 
 102 98 
 66 448 
 268 496 
 483 6 
 251 814 
 259 988 
 590 460 
 314 426 
 93 1174 
 582 426 
 579 636 
 101 330 
 87 374 
 268 1022 
 607 1168 
 14 264 
 185 165 
 572 418 
 329 435 
 271 288 
 262 400 
 496 715 
 349 101 
 294 394 
 429 335 
 329 165 
 204 10 
 260 67 
 160 322 
 565 261 
 421 175 
 158 427 
 57 98 
 68 726 
 94 857 
 110 989 
 140 380 
 602 1299 
 486 817 
 685 98 
 251 528 
 60 311 
 389 435 
 213 98 
 183 989 
 295 263 
